pn1 1 186 0
pn1 1547 1706 0
pn1 1706 2842 1
pn1 2842 4372 0
pn1 4372 4941 1
pn1 4941 4942 0
pn1 4942 8451 1
pn1 8451 11802 0
pn1 11802 12344 1
pn1 12344 12360 0
pn1 12360 14318 1
pn1 14318 15863 0
pn1 15863 16342 1
pn1 16342 24245 0
pn1 24245 25531 1
pn1 25531 33712 0
pn1 33712 34974 1
pn1 34974 36497 0
pn1 36497 37465 1
pn1 37465 39119 0
pn1 39119 41752 1
pn1 41752 44874 0
pn1 44874 45644 1
pn1 45644 45654 0
pn1 45654 46633 1
pn1 46633 47411 0
pn1 47411 47641 1
pn1 47641 48356 0
pn1 48356 50509 1
pn1 50509 50522 0
pn1 50522 51871 1
pn1 51871 52041 0
pn1 52041 52748 1
pn1 52748 56623 0
pn1 56623 58065 1
pn1 58065 58102 0
pn1 58102 59124 1
pn1 59124 59134 0
pn1 59134 59666 1
pn1 59666 59750 0
pn1 59750 60259 1
pn1 60259 60284 0
pn1 60284 61831 1
pn1 61831 61953 0
pn1 61953 63215 1
pn1 63215 63585 0
pn1 63585 64106 1
pn1 64106 64116 0
pn1 64116 65166 1
pn1 65166 67749 0
pn1 67749 69047 1
pn1 69047 69102 0
pn1 69102 73040 1
pn1 73040 79078 0
pn1 79078 80244 1
pn1 80244 92351 0
pn1 92351 92962 1
pn1 92962 110164 0
pn1 110164 111036 1
pn1 111036 111045 0
pn1 111045 111716 1
pn1 111716 127986 0
pn1 127986 129899 1
pn1 129899 143589 0
pn1 143589 144761 1
pn1 144761 163673 0
pn1 163673 165622 1
pn1 165622 165947 0
pn1 165947 166414 1
pn1 166414 166415 0
pn1 166415 167620 1
pn1 167620 167640 0
pn1 167640 168275 1
pn1 168275 168285 0
pn1 168285 169360 1
pn1 169360 169765 0
pn1 169765 170358 1
pn1 170358 170368 0
pn1 170368 170931 1
pn1 170931 174799 0
pn1 174799 177630 1
pn1 177630 186587 0
pn1 186587 188794 1
pn1 188794 189489 0
pn1 189489 190079 1
pn1 190079 190960 0
pn1 190960 191268 1
pn1 191268 191484 0
pn1 191484 192110 1
pn1 192110 192135 0
pn1 192135 192758 1
pn1 192758 192758 0
pn1 192758 193054 1
pn1 193054 193072 0
pn1 193072 193905 1
pn1 193905 194009 0
pn1 194009 194290 1
pn1 194290 194302 0
pn1 194302 194646 1
pn1 194646 194659 0
pn1 194659 195312 1
pn1 195312 195316 0
pn1 195316 195729 1
pn1 195729 195739 0
pn1 195739 195945 1
pn1 195945 195970 0
pn1 195970 196230 1
pn1 196230 196256 0
pn1 196256 196624 1
pn1 196624 196702 0
pn1 196702 197007 1
pn1 197007 197031 0
pn1 197031 197573 1
pn1 197573 198145 0
pn1 198145 198543 1
pn1 198543 198735 0
pn1 198735 199271 1
pn1 199271 199355 0
pn1 199355 199711 1
pn1 199711 199729 0
pn1 199729 200223 1
pn1 200223 200237 0
pn1 200237 200419 1
pn1 200419 200564 0
pn1 200564 201004 1
pn1 201004 201017 0
pn1 201017 202327 1
pn1 202327 202478 0
pn1 202478 203116 1
pn1 203116 203233 0
pn1 203233 203451 1
pn1 203451 203610 0
pn1 203610 203975 1
pn1 203975 203993 0
pn1 203993 204376 1
pn1 204376 204419 0
pn1 204419 205354 1
pn1 205354 205366 0
pn1 205366 205752 1
pn1 205752 217980 0
pn1 217980 220418 1
pn1 220418 220437 0
pn1 220437 221105 1
pn1 221105 221123 0
pn1 221123 222211 1
pn1 222211 222666 0
pn1 222666 225167 1
pn1 225167 227552 0
pn1 227552 228523 1
pn1 228523 229307 0
pn1 229307 230065 1
pn1 230065 230899 0
pn1 230899 232158 1
pn1 232158 232171 0
pn1 232171 234024 1
pn1 234024 235695 0
pn1 235695 237503 1
pn1 237503 242985 0
pn1 242985 243398 1
pn1 243398 243418 0
pn1 243418 243888 1
pn1 243888 244283 0
pn1 244283 246364 1
pn1 246364 246468 0
pn1 246468 250859 1
pn1 250859 253113 0
pn1 253113 254354 1
pn1 254354 255802 0
pn1 255802 257136 1
pn1 257136 257192 0
pn1 257192 258103 1
pn1 258103 258127 0
pn1 258127 258930 1
pn1 258930 258958 0
pn1 258958 259947 1
pn1 259947 260180 0
pn1 260180 261199 1
pn1 261199 264808 0
pn1 264808 265785 1
pn1 265785 265787 0
pn1 265787 267109 1
pn1 267109 267119 0
pn1 267119 267644 1
pn1 267644 269334 0
pn1 269334 269780 1
pn1 269780 269799 0
pn1 269799 270191 1
pn1 270191 279079 0
pn1 279079 279708 1
pn1 279708 281410 0
pn1 281410 282225 1
pn1 282225 282943 0
pn1 282943 284133 1
pn1 284133 284144 0
pn1 284144 284635 1
pn1 284635 284650 0
pn1 284650 285429 1
pn1 285429 285439 0
pn1 285439 286234 1
pn1 286234 290585 0
pn1 290585 291535 1
pn1 291535 291547 0
pn1 291547 291864 1
pn1 291864 291868 0
pn1 291868 294120 1
pn1 294120 294122 0
pn1 294122 295102 1
pn1 295102 295711 0
pn1 295711 297816 1
pn1 297816 298669 0
pn1 298669 299151 1
pn1 299151 300883 0
pn1 300883 302490 1
pn1 302490 303559 0
pn1 303559 305004 1
pn1 305004 305006 0
pn1 305006 305737 1
pn1 305737 305746 0
pn1 305746 306438 1
pn1 306438 306448 0
pn1 306448 307137 1
pn1 307137 307152 0
pn1 307152 308519 1
pn1 308519 308550 0
pn1 308550 309728 1
pn1 309728 310028 0
pn1 310028 311221 1
pn1 311221 311225 0
pn1 311225 312196 1
pn1 312196 312203 0
pn1 312203 313435 1
pn1 313435 313437 0
pn1 313437 314822 1
pn1 314822 314830 0
pn1 314830 315978 1
pn1 315978 316014 0
pn1 316014 317042 1
pn1 317042 317058 0
pn1 317058 317762 1
pn1 317762 317777 0
pn1 317777 318610 1
pn1 318610 318770 0
pn1 318770 319639 1
pn1 319639 319640 0
pn1 319640 320233 1
pn1 320233 320246 0
pn1 320246 321295 1
pn1 321295 321361 0
pn1 321361 322212 1
pn1 322212 323780 0
pn1 323780 325762 1
pn1 325762 331533 0
pn1 331533 333692 1
pn1 333692 333702 0
pn1 333702 334285 1
pn1 334285 338416 0
pn1 338416 339840 1
pn1 339840 339852 0
pn1 339852 340541 1
pn1 340541 340640 0
pn1 340640 341638 1
pn1 341638 344989 0
pn1 344989 345867 1
pn1 345867 345877 0
pn1 345877 346802 1
pn1 346802 346812 0
pn1 346812 347796 1
pn1 347796 347806 0
pn1 347806 348790 1
pn1 348790 352443 0
pn1 352443 353264 1
pn1 353264 353283 0
pn1 353283 354305 1
pn1 354305 355990 0
pn1 355990 357759 1
pn1 357759 357846 0
pn1 357846 359738 1
pn1 359738 359740 0
pn1 359740 360177 1
pn1 360177 360239 0
pn1 360239 361375 1
pn1 361375 362174 0
pn1 362174 363457 1
pn1 363457 366150 0
pn1 366150 366764 1
pn1 366764 368686 0
pn1 368686 371022 1
pn1 371022 374487 0
pn1 374487 375761 1
pn1 375761 379351 0
pn1 379351 380325 1
pn1 380325 380385 0
pn1 380385 380609 1
pn1 380609 380728 0
pn1 380728 381702 1
pn1 381702 381712 0
pn1 381712 382615 1
pn1 382615 382649 0
pn1 382649 383380 1
pn1 383380 383402 0
pn1 383402 384637 1
pn1 384637 384640 0
pn1 384640 385125 1
pn1 385125 385135 0
pn1 385135 385544 1
pn1 385544 385556 0
pn1 385556 386923 1
pn1 386923 386960 0
pn1 386960 387826 1
pn1 387826 387836 0
pn1 387836 388590 1
pn1 388590 389825 0
pn1 389825 390247 1
pn1 390247 390651 0
pn1 390651 391211 1
pn1 391211 391340 0
pn1 391340 392782 1
pn1 392782 392782 0
pn1 392782 394248 1
pn1 394248 394248 0
pn1 394248 394550 1
pn1 394550 394763 0
pn1 394763 396307 1
pn1 396307 397177 0
pn1 397177 397365 1
pn1 397365 399757 0
pn1 399757 401457 1
pn1 401457 401467 0
pn1 401467 401926 1
pn1 401926 401992 0
pn1 401992 403014 1
pn1 403014 404001 0
pn1 404001 405251 1
pn1 405251 406446 0
pn1 406446 407186 1
pn1 407186 412203 0
pn1 412203 413048 1
pn1 413048 413195 0
pn1 413195 414256 1
pn1 414256 414604 0
pn1 414604 416928 1
pn1 416928 430653 0
pn1 430653 431240 1
pn1 431240 431630 0
pn1 431630 433237 1
pn1 433237 440720 0
pn1 440720 441916 1
pn1 441916 442656 0
pn1 442656 443012 1
pn1 443012 443049 0
pn1 443049 444395 1
pn1 444395 454532 0
pn1 454532 455566 1
pn1 455566 455593 0
pn1 455593 456117 1
pn1 456117 456597 0
pn1 456597 458420 1
pn1 458420 459180 0
pn1 459180 460316 1
pn1 460316 464399 0
pn1 464399 464737 1
pn1 464737 464742 0
pn1 464742 465479 1
pn1 465479 465493 0
pn1 465493 466833 1
pn1 466833 466904 0
pn1 466904 467032 1
pn1 467032 467089 0
pn1 467089 468450 1
pn1 468450 468461 0
pn1 468461 470014 1
pn1 470014 470031 0
pn1 470031 470618 1
pn1 470618 470900 0
pn1 470900 471097 1
pn1 471097 471102 0
pn1 471102 471263 1
pn1 471263 471268 0
pn1 471268 471417 1
pn1 471417 471564 0
pn1 471564 471833 1
pn1 471833 471902 0
pn1 471902 472150 1
pn1 472150 472169 0
pn1 472169 472378 1
pn1 472378 473063 0
pn1 473063 473224 1
pn1 473224 473234 0
pn1 473234 473605 1
pn1 473605 473783 0
pn1 473783 473962 1
pn1 473962 474234 0
pn1 474234 474617 1
pn1 474617 474669 0
pn1 474669 475358 1
pn1 475358 475400 0
pn1 475400 475633 1
pn1 475633 475784 0
pn1 475784 476395 1
pn1 476395 478631 0
pn1 478631 479767 1
pn1 479767 480391 0
pn1 480391 483183 1
pn1 483183 483434 0
pn1 483434 483784 1
pn1 483784 490281 0
pn1 490281 492932 1
pn1 492932 504196 0
pn1 504196 505323 1
pn1 505323 505909 0
pn1 505909 508311 1
pn1 508311 510635 0
pn1 510635 512884 1
pn1 512884 512948 0
pn1 512948 513814 1
pn1 513814 514499 0
pn1 514499 516712 1
pn1 516712 516728 0
pn1 516728 517345 1
pn1 517345 518328 0
pn1 518328 519671 1
pn1 519671 529675 0
pn1 529675 530556 1
pn1 530556 540578 0
pn1 540578 541798 1
pn1 541798 541803 0
pn1 541803 543035 1
pn1 543035 543855 0
pn1 543855 545702 1
pn1 545702 548298 0
pn1 548298 549698 1
pn1 549698 550948 0
pn1 550948 552273 1
pn1 552273 554728 0
pn1 554728 555153 1
pn1 555153 555361 0
pn1 555361 556050 1
pn1 556050 571752 0
pn1 571752 578453 1
pn1 578453 585272 0
pn1 585272 585982 1
pn1 585982 586579 0
pn1 586579 587691 1
pn1 587691 591175 0
pn1 591175 596844 1
pn1 596844 596905 0
pn1 596905 598626 1
pn1 598626 601413 0
pn1 601413 602372 1
pn1 602372 602469 0
pn1 602469 603308 1
pn1 603308 603647 0
pn1 603647 604531 1
pn1 604531 606393 0
pn1 606393 607322 1
pn1 607322 616646 0
pn1 616646 617998 1
pn1 617998 618002 0
pn1 618002 619060 1
pn1 619060 619070 0
pn1 619070 620269 1
pn1 620269 620502 0
pn1 620502 621203 1
pn1 621203 621237 0
pn1 621237 621869 1
pn1 621869 624769 0
pn1 624769 625416 1
pn1 625416 628933 0
pn1 628933 630423 1
pn1 630423 631049 0
pn1 631049 632185 1
pn1 632185 633736 0
pn1 633736 634518 1
pn1 634518 634520 0
pn1 634520 635149 1
pn1 635149 640334 0
pn1 640334 640966 1
pn1 640966 641176 0
pn1 641176 641967 1
pn1 641967 645570 0
pn1 645570 647345 1
pn1 647345 649654 0
pn1 649654 650598 1
pn1 650598 656751 0
pn1 656751 657401 1
pn1 657401 657575 0
pn1 657575 658165 1
pn1 658165 664515 0
pn1 664515 665492 1
pn1 665492 665510 0
pn1 665510 666202 1
pn1 666202 666212 0
pn1 666212 667121 1
pn1 667121 672152 0
pn1 672152 673342 1
pn1 673342 673895 0
pn1 673895 674830 1
pn1 674830 676042 0
pn1 676042 676647 1
pn1 676647 683727 0
pn1 683727 683999 1
pn1 683999 685653 0
pn1 685653 686171 1
pn1 686171 686181 0
pn1 686181 686880 1
pn1 686880 692730 0
pn1 692730 694076 1
pn1 694076 697610 0
pn1 697610 699607 1
pn1 699607 705776 0
pn1 705776 708322 1
pn1 708322 709854 0
pn1 709854 710528 1
pn1 710528 710538 0
pn1 710538 711852 1
pn1 711852 718380 0
pn1 718380 720326 1
pn1 720326 720408 0
pn1 720408 722135 1
pn1 722135 725499 0
pn1 725499 727757 1
pn1 727757 729089 0
pn1 729089 729823 1
pn1 729823 729956 0
pn1 729956 730834 1
pn1 730834 732943 0
pn1 732943 733626 1
pn1 733626 733640 0
pn1 733640 734851 1
pn1 734851 735411 0
pn1 735411 736220 1
pn1 736220 738866 0
pn1 738866 739576 1
pn1 739576 740176 0
pn1 740176 740412 1
pn1 740412 740480 0
pn1 740480 741400 1
pn1 741400 742787 0
pn1 742787 744064 1
pn1 744064 744082 0
pn1 744082 744744 1
pn1 744744 744754 0
pn1 744754 745120 1
pn1 745120 752206 0
pn1 752206 754149 1
pn1 754149 754605 0
pn1 754605 757040 1
pn1 757040 760643 0
pn1 760643 761287 1
pn1 761287 765337 0
pn1 765337 766992 1
pn1 766992 767364 0
pn1 767364 768134 1
pn1 768134 768162 0
pn1 768162 769424 1
pn1 769424 769435 0
pn1 769435 770661 1
pn1 770661 770671 0
pn1 770671 771088 1
pn1 771088 771142 0
pn1 771142 772554 1
pn1 772554 777369 0
pn1 777369 778280 1
pn1 778280 778290 0
pn1 778290 780229 1
pn1 780229 784486 0
pn1 784486 785700 1
pn1 785700 797731 0
pn1 797731 798201 1
pn1 798201 798218 0
pn1 798218 800491 1
pn1 800491 800837 0
pn1 800837 803938 1
pn1 803938 804021 0
pn1 804021 805028 1
pn1 805028 805087 0
pn1 805087 806592 1
pn1 806592 822368 0
pn1 822368 823843 1
pn1 823843 824780 0
pn1 824780 825640 1
pn1 825640 833345 0
pn1 833345 833806 1
pn1 833806 834686 0
pn1 834686 836569 1
pn1 836569 836670 0
pn1 836670 837779 1
pn1 837779 837789 0
pn1 837789 839051 1
pn1 839051 839055 0
pn1 839055 839852 1
pn1 839852 840072 0
pn1 840072 840710 1
pn1 840710 840720 0
pn1 840720 841597 1
pn1 841597 847085 0
pn1 847085 847822 1
pn1 847822 847831 0
pn1 847831 848388 1
pn1 848388 853828 0
pn1 853828 854478 1
pn1 854478 854488 0
pn1 854488 856702 1
pn1 856702 859153 0
pn1 859153 859710 1
pn1 859710 859743 0
pn1 859743 859943 1
pn1 859943 859995 0
pn1 859995 860354 1
pn1 860354 860412 0
pn1 860412 860792 1
pn1 860792 861042 0
pn1 861042 861842 1
pn1 861842 861853 0
pn1 861853 862791 1
pn1 862791 862890 0
pn1 862890 864866 1
pn1 864866 864927 0
pn1 864927 866582 1
pn1 866582 867165 0
pn1 867165 867560 1
pn1 867560 867577 0
pn1 867577 868476 1
pn1 868476 868525 0
pn1 868525 869349 1
pn1 869349 869349 0
pn1 869349 869954 1
pn1 869954 869964 0
pn1 869964 871140 1
pn1 871140 871329 0
pn1 871329 871562 1
pn1 871562 871664 0
pn1 871664 874018 1
pn1 874018 874028 0
pn1 874028 874448 1
pn1 874448 876369 0
pn1 876369 878171 1
pn1 878171 878953 0
pn1 878953 879894 1
pn1 879894 884050 0
pn1 884050 885477 1
pn1 885477 886375 0
pn1 886375 887067 1
pn1 887067 895179 0
pn1 895179 896096 1
pn1 896096 896104 0
pn1 896104 898620 1
pn1 898620 898830 0
pn1 898830 901949 1
pn1 901949 904308 0
pn1 904308 905531 1
pn1 905531 905686 0
pn1 905686 906780 1
pn1 906780 906822 0
pn1 906822 907199 1
pn1 907199 909147 0
pn1 909147 910223 1
pn1 910223 910279 0
pn1 910279 911214 1
pn1 911214 911261 0
pn1 911261 912634 1
pn1 912634 913075 0
pn1 913075 913665 1
pn1 913665 913675 0
pn1 913675 914741 1
pn1 914741 916661 0
pn1 916661 917917 1
pn1 917917 951956 0
pn1 951956 953185 1
pn1 953185 953205 0
pn1 953205 955901 1
pn1 955901 959098 0
pn1 959098 960858 1
pn1 960858 960861 0
pn1 960861 961970 1
pn1 961970 967841 0
pn1 967841 969100 1
pn1 969100 973187 0
pn1 973187 975478 1
pn1 975478 975521 0
pn1 975521 976201 1
pn1 976201 976905 0
pn1 976905 977546 1
pn1 977546 979329 0
pn1 979329 980288 1
pn1 980288 981753 0
pn1 981753 982571 1
pn1 982571 983508 0
pn1 983508 984482 1
pn1 984482 987838 0
pn1 987838 988152 1
pn1 988152 988529 0
pn1 988529 988822 1
pn1 988822 989775 0
pn1 989775 990692 1
pn1 990692 992721 0
pn1 992721 992996 1
pn1 992996 997544 0
pn1 997544 999502 1
pn1 999502 1002438 0
pn1 1002438 1003862 1
pn1 1003862 1004345 0
pn1 1004345 1006273 1
pn1 1006273 1006283 0
pn1 1006283 1007405 1
pn1 1007405 1008531 0
pn1 1008531 1009964 1
pn1 1009964 1012087 0
pn1 1012087 1013391 1
pn1 1013391 1015234 0
pn1 1015234 1018509 1
pn1 1018509 1018519 0
pn1 1018519 1022156 1
pn1 1022156 1023758 0
pn1 1023758 1030237 1
pn1 1030237 1030281 0
pn1 1030281 1035494 1
pn1 1035494 1036586 0
pn1 1036586 1037365 1
pn1 1037365 1041703 0
pn1 1041703 1043388 1
pn1 1043388 1043452 0
pn1 1043452 1044495 1
pn1 1044495 1044713 0
pn1 1044713 1045705 1
pn1 1045705 1045721 0
pn1 1045721 1046689 1
pn1 1046689 1048489 0
pn1 1048489 1049757 1
pn1 1049757 1049770 0
pn1 1049770 1050234 1
pn1 1050234 1050244 0
pn1 1050244 1050897 1
pn1 1050897 1053659 0
pn1 1053659 1056181 1
pn1 1056181 1056435 0
pn1 1056435 1058168 1
pn1 1058168 1058174 0
pn1 1058174 1058437 1
pn1 1058437 1058788 0
pn1 1058788 1059006 1
pn1 1059006 1062684 0
pn1 1062684 1063445 1
pn1 1063445 1063808 0
pn1 1063808 1065214 1
pn1 1065214 1065429 0
pn1 1065429 1067123 1
pn1 1067123 1067125 0
pn1 1067125 1067442 1
pn1 1067442 1067478 0
pn1 1067478 1068314 1
pn1 1068314 1068548 0
pn1 1068548 1069528 1
pn1 1069528 1069530 0
pn1 1069530 1070459 1
pn1 1070459 1070470 0
pn1 1070470 1070985 1
pn1 1070985 1071016 0
pn1 1071016 1071441 1
pn1 1071441 1074152 0
pn1 1074152 1075975 1
pn1 1075975 1076784 0
pn1 1076784 1078451 1
pn1 1078451 1079690 0
pn1 1079690 1080565 1
pn1 1080565 1080575 0
pn1 1080575 1080774 1
pn1 1080774 1080784 0
pn1 1080784 1082092 1
pn1 1082092 1082220 0
pn1 1082220 1082858 1
pn1 1082858 1083509 0
pn1 1083509 1084387 1
pn1 1084387 1088215 0
pn1 1088215 1088958 1
pn1 1088958 1088958 0
pn1 1088958 1091426 1
pn1 1091426 1091620 0
pn1 1091620 1092606 1
pn1 1092606 1094263 0
pn1 1094263 1095072 1
pn1 1095072 1095074 0
pn1 1095074 1096423 1
pn1 1096423 1096433 0
pn1 1096433 1097120 1
pn1 1097120 1097175 0
pn1 1097175 1098350 1
pn1 1098350 1098678 0
pn1 1098678 1100348 1
pn1 1100348 1100578 0
pn1 1100578 1101267 1
pn1 1101267 1101279 0
pn1 1101279 1101830 1
pn1 1101830 1105278 0
pn1 1105278 1107266 1
pn1 1107266 1110634 0
pn1 1110634 1111374 1
pn1 1111374 1111523 0
pn1 1111523 1113010 1
pn1 1113010 1113056 0
pn1 1113056 1114345 1
pn1 1114345 1115958 0
pn1 1115958 1119497 1
pn1 1119497 1119507 0
pn1 1119507 1120186 1
pn1 1120186 1126438 0
pn1 1126438 1127475 1
pn1 1127475 1130490 0
pn1 1130490 1132577 1
pn1 1132577 1135620 0
pn1 1135620 1136309 1
pn1 1136309 1143531 0
pn1 1143531 1146707 1
pn1 1146707 1147019 0
pn1 1147019 1148098 1
pn1 1148098 1148148 0
pn1 1148148 1149071 1
pn1 1149071 1149090 0
pn1 1149090 1149611 1
pn1 1149611 1149846 0
pn1 1149846 1150451 1
pn1 1150451 1154670 0
pn1 1154670 1155569 1
pn1 1155569 1156225 0
pn1 1156225 1156938 1
pn1 1156938 1157290 0
pn1 1157290 1158573 1
pn1 1158573 1158768 0
pn1 1158768 1160339 1
pn1 1160339 1163514 0
pn1 1163514 1163861 1
pn1 1163861 1166634 0
pn1 1166634 1166876 1
pn1 1166876 1168236 0
pn1 1168236 1169582 1
pn1 1169582 1174171 0
pn1 1174171 1174782 1
pn1 1174782 1174805 0
pn1 1174805 1176190 1
pn1 1176190 1176191 0
pn1 1176191 1177966 1
pn1 1177966 1178339 0
pn1 1178339 1179346 1
pn1 1179346 1179411 0
pn1 1179411 1179992 1
pn1 1179992 1180026 0
pn1 1180026 1180502 1
pn1 1180502 1180518 0
pn1 1180518 1182509 1
pn1 1182509 1189320 0
pn1 1189320 1190237 1
pn1 1190237 1190262 0
pn1 1190262 1190951 1
pn1 1190951 1200468 0
pn1 1200468 1202408 1
pn1 1202408 1226244 0
pn1 1226244 1227167 1
pn1 1227167 1262026 0
pn1 1262026 1263906 1
pn1 1263906 1266820 0
pn1 1266820 1267134 1
pn1 1267134 1267153 0
pn1 1267153 1267536 1
pn1 1267536 1267565 0
pn1 1267565 1268950 1
pn1 1268950 1269128 0
pn1 1269128 1270333 1
pn1 1270333 1270376 0
pn1 1270376 1270597 1
pn1 1270597 1270714 0
pn1 1270714 1271211 1
pn1 1271211 1271462 0
pn1 1271462 1271692 1
pn1 1271692 1271702 0
pn1 1271702 1274123 1
pn1 1274123 1274126 0
pn1 1274126 1276276 1
pn1 1276276 1276295 0
pn1 1276295 1277296 1
pn1 1277296 1277311 0
pn1 1277311 1278225 1
pn1 1278225 1278602 0
pn1 1278602 1280521 1
pn1 1280521 1280867 0
pn1 1280867 1281220 1
pn1 1281220 1281725 0
pn1 1281725 1282147 1
pn1 1282147 1282835 0
pn1 1282835 1283038 1
pn1 1283038 1288801 0
pn1 1288801 1289169 1
pn1 1289169 1289245 0
pn1 1289245 1289745 1
pn1 1289745 1295133 0
pn1 1295133 1296071 1
pn1 1296071 1296321 0
pn1 1296321 1297190 1
pn1 1297190 1297192 0
pn1 1297192 1298478 1
pn1 1298478 1298629 0
pn1 1298629 1299366 1
pn1 1299366 1306554 0
pn1 1306554 1307402 1
pn1 1307402 1307412 0
pn1 1307412 1307875 1
pn1 1307875 1307885 0
pn1 1307885 1309151 1
pn1 1309151 1309592 0
pn1 1309592 1310695 1
pn1 1310695 1310705 0
pn1 1310705 1311871 1
pn1 1311871 1311881 0
pn1 1311881 1312948 1
pn1 1312948 1312967 0
pn1 1312967 1313821 1
pn1 1313821 1313831 0
pn1 1313831 1314488 1
pn1 1314488 1320420 0
pn1 1320420 1323038 1
pn1 1323038 1324320 0
pn1 1324320 1325390 1
pn1 1325390 1325400 0
pn1 1325400 1326160 1
pn1 1326160 1326170 0
pn1 1326170 1326963 1
pn1 1326963 1326973 0
pn1 1326973 1328101 1
pn1 1328101 1328160 0
pn1 1328160 1329110 1
pn1 1329110 1329984 0
pn1 1329984 1330715 1
pn1 1330715 1333120 0
pn1 1333120 1333773 1
pn1 1333773 1333785 0
pn1 1333785 1334543 1
pn1 1334543 1334556 0
pn1 1334556 1335359 1
pn1 1335359 1337161 0
pn1 1337161 1338039 1
pn1 1338039 1340959 0
pn1 1340959 1341360 1
pn1 1341360 1343703 0
pn1 1343703 1344833 1
pn1 1344833 1345706 0
pn1 1345706 1346494 1
pn1 1346494 1346504 0
pn1 1346504 1347422 1
pn1 1347422 1347552 0
pn1 1347552 1347728 1
pn1 1347728 1347868 0
pn1 1347868 1348575 1
pn1 1348575 1348726 0
pn1 1348726 1349754 1
pn1 1349754 1353165 0
pn1 1353165 1353989 1
pn1 1353989 1374113 0
pn1 1374113 1375675 1
pn1 1375675 1382255 0
pn1 1382255 1382866 1
pn1 1382866 1387027 0
pn1 1387027 1387539 1
pn1 1387539 1390888 0
pn1 1390888 1392267 1
pn1 1392267 1395933 0
pn1 1395933 1397969 1
pn1 1397969 1398229 0
pn1 1398229 1399146 1
pn1 1399146 1408400 0
pn1 1408400 1409596 1
pn1 1409596 1411751 0
pn1 1411751 1412620 1
pn1 1412620 1416213 0
pn1 1416213 1417931 1
pn1 1417931 1424529 0
pn1 1424529 1424948 1
pn1 1424948 1424959 0
pn1 1424959 1426365 1
pn1 1426365 1426451 0
pn1 1426451 1427329 1
pn1 1427329 1427345 0
pn1 1427345 1428850 1
pn1 1428850 1428865 0
pn1 1428865 1429401 1
pn1 1429401 1429401 0
pn1 1429401 1429895 1
pn1 1429895 1429909 0
pn1 1429909 1430625 1
pn1 1430625 1430660 0
pn1 1430660 1430860 1
pn1 1430860 1433113 0
pn1 1433113 1433595 1
pn1 1433595 1436367 0
pn1 1436367 1437701 1
pn1 1437701 1449759 0
pn1 1449759 1451204 1
pn1 1451204 1452776 0
pn1 1452776 1453711 1
pn1 1453711 1456930 0
pn1 1456930 1457169 1
pn1 1457169 1457201 0
pn1 1457201 1457671 1
pn1 1457671 1457683 0
pn1 1457683 1457973 1
pn1 1457973 1458126 0
pn1 1458126 1459469 1
pn1 1459469 1459846 0
pn1 1459846 1461033 1
pn1 1461033 1461839 0
pn1 1461839 1462387 1
pn1 1462387 1472456 0
pn1 1472456 1472866 1
pn1 1472866 1479981 0
pn1 1479981 1481165 1
pn1 1481165 1481177 0
pn1 1481177 1481944 1
pn1 1481944 1488824 0
pn1 1488824 1489156 1
pn1 1489156 1519513 0
pn1 1519513 1520058 1
pn1 1520058 1521241 0
pn1 1521241 1521948 1
pn1 1521948 1530167 0
pn1 1530167 1530754 1
pn1 1530754 1530763 0
pn1 1530763 1531995 1
pn1 1531995 1532197 0
pn1 1532197 1532703 1
pn1 1532703 1532833 0
pn1 1532833 1533351 1
pn1 1533351 1535392 0
pn1 1535392 1536150 1
pn1 1536150 1536934 0
pn1 1536934 1537878 1
pn1 1537878 1538060 0
pn1 1538060 1538572 1
pn1 1538572 1539919 0
pn1 1539919 1541049 1
pn1 1541049 1542074 0
pn1 1542074 1542862 1
pn1 1542862 1549985 0
pn1 1549985 1551067 1
pn1 1551067 1553398 0
pn1 1553398 1554171 1
pn1 1554171 1554181 0
pn1 1554181 1554910 1
pn1 1554910 1557715 0
pn1 1557715 1558386 1
pn1 1558386 1560146 0
pn1 1560146 1561165 1
pn1 1561165 1567659 0
pn1 1567659 1568273 1
pn1 1568273 1569088 0
pn1 1569088 1569357 1
pn1 1569357 1571377 0
pn1 1571377 1573320 1
pn1 1573320 1578170 0
pn1 1578170 1578820 1
pn1 1578820 1581152 0
pn1 1581152 1583374 1
pn1 1583374 1585122 0
pn1 1585122 1587014 1
pn1 1587014 1587305 0
pn1 1587305 1588027 1
pn1 1588027 1588037 0
pn1 1588037 1588872 1
pn1 1588872 1588904 0
pn1 1588904 1589833 1
pn1 1589833 1589956 0
pn1 1589956 1590447 1
pn1 1590447 1596668 0
pn1 1596668 1597360 1
pn1 1597360 1598678 0
pn1 1598678 1601470 1
pn1 1601470 1604885 0
pn1 1604885 1606144 1
pn1 1606144 1606161 0
pn1 1606161 1607534 1
pn1 1607534 1609146 0
pn1 1609146 1610519 1
pn1 1610519 1610603 0
pn1 1610603 1611646 1
pn1 1611646 1611822 0
pn1 1611822 1612418 1
pn1 1612418 1612429 0
pn1 1612429 1614471 1
pn1 1614471 1616449 0
pn1 1616449 1617366 1
pn1 1617366 1626581 0
pn1 1626581 1628674 1
pn1 1628674 1633310 0
pn1 1633310 1636207 1
pn1 1636207 1639049 0
pn1 1639049 1641064 1
pn1 1641064 1641083 0
pn1 1641083 1642186 1
pn1 1642186 1642196 0
pn1 1642196 1642538 1
pn1 1642538 1642583 0
pn1 1642583 1643614 1
pn1 1643614 1643616 0
pn1 1643616 1644647 1
pn1 1644647 1644728 0
pn1 1644728 1647241 1
pn1 1647241 1652500 0
pn1 1652500 1653810 1
pn1 1653810 1653824 0
pn1 1653824 1654537 1
pn1 1654537 1654547 0
pn1 1654547 1655430 1
pn1 1655430 1655431 0
pn1 1655431 1656600 1
pn1 1656600 1663752 0
pn1 1663752 1664639 1
pn1 1664639 1664788 0
pn1 1664788 1666671 1
pn1 1666671 1667048 0
pn1 1667048 1668502 1
pn1 1668502 1668512 0
pn1 1668512 1669448 1
pn1 1669448 1669483 0
pn1 1669483 1670757 1
pn1 1670757 1670757 0
pn1 1670757 1671929 1
pn1 1671929 1674387 0
pn1 1674387 1676366 1
pn1 1676366 1678424 0
pn1 1678424 1679359 1
pn1 1679359 1679372 0
pn1 1679372 1681768 1
pn1 1681768 1681834 0
pn1 1681834 1682148 1
pn1 1682148 1682173 0
pn1 1682173 1682799 1
pn1 1682799 1721443 0
pn1 1721443 1734744 1
pn1 1734744 1738189 0
pn1 1738189 1738857 1
pn1 1738857 1777565 0
pn1 1777565 1778341 1
pn1 1778341 1778351 0
pn1 1778351 1779557 1
pn1 1779557 1779567 0
pn1 1779567 1780134 1
pn1 1780134 1780144 0
pn1 1780144 1780888 1
pn1 1780888 1780898 0
pn1 1780898 1781889 1
pn1 1781889 1781900 0
pn1 1781900 1782466 1
pn1 1782466 1782476 0
pn1 1782476 1783824 1
pn1 1783824 1792073 0
pn1 1792073 1793053 1
pn1 1793053 1806243 0
pn1 1806243 1807070 1
pn1 1807070 1808342 0
pn1 1808342 1808923 1
pn1 1808923 1808923 0
pn1 1808923 1810185 1
pn1 1810185 1813632 0
pn1 1813632 1815113 1
pn1 1815113 1815132 0
pn1 1815132 1816310 1
pn1 1816310 1816475 0
pn1 1816475 1817482 1
pn1 1817482 1826507 0
pn1 1826507 1827571 1
pn1 1827571 1833278 0
pn1 1833278 1834000 1
pn1 1834000 1834010 0
pn1 1834010 1834556 1
pn1 1834556 1834575 0
pn1 1834575 1835303 1
pn1 1835303 1835303 0
pn1 1835303 1836037 1
pn1 1836037 1837957 0
pn1 1837957 1838751 1
pn1 1838751 1839462 0
pn1 1839462 1841087 1
pn1 1841087 1857607 0
pn1 1857607 1858440 1
pn1 1858440 1858454 0
pn1 1858454 1859320 1
pn1 1859320 1859334 0
pn1 1859334 1860593 1
pn1 1860593 1860685 0
pn1 1860685 1862847 1
pn1 1862847 1862955 0
pn1 1862955 1863815 1
pn1 1863815 1863825 0
pn1 1863825 1864747 1
pn1 1864747 1878020 0
pn1 1878020 1879642 1
pn1 1879642 1879658 0
pn1 1879658 1879942 1
pn1 1879942 1889503 0
pn1 1889503 1890918 1
pn1 1890918 1898038 0
pn1 1898038 1898994 1
pn1 1898994 1901047 0
pn1 1901047 1902213 1
pn1 1902213 1902268 0
pn1 1902268 1903524 1
pn1 1903524 1919755 0
pn1 1919755 1920168 1
pn1 1920168 1920279 0
pn1 1920279 1923956 1
pn1 1923956 1923989 0
pn1 1923989 1927600 1
pn1 1927600 1929844 0
pn1 1929844 1930668 1
pn1 1930668 1930707 0
pn1 1930707 1930895 1
pn1 1930895 1930905 0
pn1 1930905 1932171 1
pn1 1932171 1933504 0
pn1 1933504 1933992 1
pn1 1933992 1934586 0
pn1 1934586 1935578 1
pn1 1935578 1938560 0
pn1 1938560 1939354 1
pn1 1939354 1940797 0
pn1 1940797 1941624 1
pn1 1941624 1944080 0
pn1 1944080 1944742 1
pn1 1944742 1944752 0
pn1 1944752 1945361 1
pn1 1945361 1945372 0
pn1 1945372 1946250 1
pn1 1946250 1946252 0
pn1 1946252 1947124 1
pn1 1947124 1954708 0
pn1 1954708 1954842 1
pn1 1954842 1958753 0
pn1 1958753 1959715 1
pn1 1959715 1959921 0
pn1 1959921 1960931 1
pn1 1960931 1971741 0
pn1 1971741 1972220 1
pn1 1972220 1972342 0
pn1 1972342 1972878 1
pn1 1972878 1973324 0
pn1 1973324 1975519 1
pn1 1975519 1976549 0
pn1 1976549 1977556 1
pn1 1977556 1979746 0
pn1 1979746 1980618 1
pn1 1980618 1983185 0
pn1 1983185 1983913 1
pn1 1983913 1985498 0
pn1 1985498 1986793 1
pn1 1986793 1988278 0
pn1 1988278 1990929 1
pn1 1990929 1992532 0
pn1 1992532 1994508 1
pn1 1994508 2004859 0
pn1 2004859 2005230 1
pn1 2005230 2005379 0
pn1 2005379 2006569 1
pn1 2006569 2009841 0
pn1 2009841 2010167 1
pn1 2010167 2017109 0
pn1 2017109 2018251 1
pn1 2018251 2034124 0
pn1 2034124 2035584 1
pn1 2035584 2035708 0
pn1 2035708 2037057 1
pn1 2037057 2038055 0
pn1 2038055 2039821 1
pn1 2039821 2040612 0
pn1 2040612 2042306 1
pn1 2042306 2042453 0
pn1 2042453 2044987 1
pn1 2044987 2045038 0
pn1 2045038 2045484 1
pn1 2045484 2045620 0
pn1 2045620 2047311 1
pn1 2047311 2048720 0
pn1 2048720 2049427 1
pn1 2049427 2049428 0
pn1 2049428 2050759 1
pn1 2050759 2053592 0
pn1 2053592 2054344 1
pn1 2054344 2056268 0
pn1 2056268 2057284 1
pn1 2057284 2057306 0
pn1 2057306 2058205 1
pn1 2058205 2062591 0
pn1 2062591 2065056 1
pn1 2065056 2065198 0
pn1 2065198 2066454 1
pn1 2066454 2072113 0
pn1 2072113 2074371 1
pn1 2074371 2074397 0
pn1 2074397 2075914 1
pn1 2075914 2076464 0
pn1 2076464 2077735 1
pn1 2077735 2077846 0
pn1 2077846 2079138 1
pn1 2079138 2079140 0
pn1 2079140 2079982 1
pn1 2079982 2080235 0
pn1 2080235 2081035 1
pn1 2081035 2081045 0
pn1 2081045 2082031 1
pn1 2082031 2085114 0
pn1 2085114 2086877 1
pn1 2086877 2089965 0
pn1 2089965 2091254 1
pn1 2091254 2097248 0
pn1 2097248 2098951 1
pn1 2098951 2106204 0
pn1 2106204 2106386 1
pn1 2106386 2106402 0
pn1 2106402 2106551 1
pn1 2106551 2108466 0
pn1 2108466 2110451 1
pn1 2110451 2112435 0
pn1 2112435 2114315 1
pn1 2114315 2124008 0
pn1 2124008 2125237 1
pn1 2125237 2125295 0
pn1 2125295 2126311 1
pn1 2126311 2126476 0
pn1 2126476 2127423 1
pn1 2127423 2134157 0
pn1 2134157 2135923 1
pn1 2135923 2143939 0
pn1 2143939 2144379 1
pn1 2144379 2144391 0
pn1 2144391 2145029 1
pn1 2145029 2145144 0
pn1 2145144 2146547 1
pn1 2146547 2148625 0
pn1 2148625 2150130 1
pn1 2150130 2152238 0
pn1 2152238 2153506 1
pn1 2153506 2153516 0
pn1 2153516 2153738 1
pn1 2153738 2153752 0
pn1 2153752 2154996 1
pn1 2154996 2155006 0
pn1 2155006 2156543 1
pn1 2156543 2162201 0
pn1 2162201 2162905 1
pn1 2162905 2162975 0
pn1 2162975 2164801 1
pn1 2164801 2164843 0
pn1 2164843 2166351 1
pn1 2166351 2170171 0
pn1 2170171 2172795 1
pn1 2172795 2175798 0
pn1 2175798 2178230 1
pn1 2178230 2178232 0
pn1 2178232 2178690 1
pn1 2178690 2181850 0
pn1 2181850 2183196 1
pn1 2183196 2183285 0
pn1 2183285 2183551 1
pn1 2183551 2183553 0
pn1 2183553 2184905 1
pn1 2184905 2184949 0
pn1 2184949 2185401 1
pn1 2185401 2188135 0
pn1 2188135 2188797 1
pn1 2188797 2188807 0
pn1 2188807 2190092 1
pn1 2190092 2191068 0
pn1 2191068 2191988 1
pn1 2191988 2193606 0
pn1 2193606 2194646 1
pn1 2194646 2194725 0
pn1 2194725 2195504 1
pn1 2195504 2197494 0
pn1 2197494 2198312 1
pn1 2198312 2200806 0
pn1 2200806 2201351 1
pn1 2201351 2205285 0
pn1 2205285 2206382 1
pn1 2206382 2206434 0
pn1 2206434 2207912 1
pn1 2207912 2208064 0
pn1 2208064 2209089 1
pn1 2209089 2218222 0
pn1 2218222 2218347 1
pn1 2218347 2219291 0
pn1 2219291 2220472 1
pn1 2220472 2220530 0
pn1 2220530 2221288 1
