pn1 1 290474 0
pn1 290478 290477 0
pn1 290477 290481 1
pn1 290481 290482 0
pn1 290482 290486 1
pn1 290486 290488 0
pn1 290488 290492 1
pn1 290492 290491 0
pn1 290491 290495 1
pn1 290495 290504 0
pn1 290504 290508 1
pn1 290508 290507 0
pn1 290507 290511 1
pn1 290511 290516 0
pn1 290516 290520 2
pn1 290520 290520 0
pn1 290520 290524 2
pn1 290524 290521 0
pn1 290521 290525 2
pn1 290525 290522 0
pn1 290522 290526 2
pn1 290526 290523 0
pn1 290523 290527 2
pn1 290527 290554 0
pn1 290554 290558 2
pn1 290558 290558 0
pn1 290558 290562 2
pn1 290562 290639 0
pn1 290639 290643 2
pn1 290643 290687 0
pn1 290687 290691 2
pn1 290691 290699 0
pn1 290699 290703 2
pn1 290703 290783 0
pn1 290783 290787 2
pn1 290787 291018 0
pn1 291018 291022 2
pn1 291022 291101 0
pn1 291101 291105 1
pn1 291105 291116 0
pn1 291116 291120 1
pn1 291120 291160 0
pn1 291160 291164 2
pn1 291164 291163 0
pn1 291163 291167 2
pn1 291167 291194 0
pn1 291194 291198 2
pn1 291198 292015 0
pn1 292015 292019 2
pn1 292019 292471 0
pn1 292471 292475 1
pn1 292475 292537 0
pn1 292537 292541 2
pn1 292541 292561 0
pn1 292561 292565 2
pn1 292565 292564 0
pn1 292564 292568 1
pn1 292568 292624 0
pn1 292624 292628 2
pn1 292628 292630 0
pn1 292630 292634 2
pn1 292634 292633 0
pn1 292633 292637 2
pn1 292637 292666 0
pn1 292666 292670 1
pn1 292670 292672 0
pn1 292672 292676 2
pn1 292676 292675 0
pn1 292675 292679 1
pn1 292679 292678 0
pn1 292678 292682 2
pn1 292682 292681 0
pn1 292681 292685 1
pn1 292685 292687 0
pn1 292687 292691 2
pn1 292691 292689 0
pn1 292689 292693 1
pn1 292693 292690 0
pn1 292690 292694 2
pn1 292694 292697 0
pn1 292697 292701 2
pn1 292701 292701 0
pn1 292701 292705 1
pn1 292705 292702 0
pn1 292702 292706 1
pn1 292706 292707 0
pn1 292707 292711 2
pn1 292711 292711 0
pn1 292711 292715 1
pn1 292715 292714 0
pn1 292714 292718 1
pn1 292718 292720 0
pn1 292720 292724 1
pn1 292724 292723 0
pn1 292723 292727 2
pn1 292727 292729 0
pn1 292729 292733 2
pn1 292733 292735 0
pn1 292735 292739 2
pn1 292739 292738 0
pn1 292738 292742 2
pn1 292742 292741 0
pn1 292741 292745 2
pn1 292745 292747 0
pn1 292747 292751 2
pn1 292751 292749 0
pn1 292749 292753 1
pn1 292753 292750 0
pn1 292750 292754 1
pn1 292754 292753 0
pn1 292753 292757 2
pn1 292757 292756 0
pn1 292756 292760 2
pn1 292760 292759 0
pn1 292759 292763 2
pn1 292763 292762 0
pn1 292762 292766 2
pn1 292766 292765 0
pn1 292765 292769 2
pn1 292769 292768 0
pn1 292768 292772 2
pn1 292772 292771 0
pn1 292771 292775 2
pn1 292775 292780 0
pn1 292780 292784 1
pn1 292784 292789 0
pn1 292789 292793 1
pn1 292793 292796 0
pn1 292796 292800 1
pn1 292800 292801 0
pn1 292801 292805 1
pn1 292805 292807 0
pn1 292807 292811 1
pn1 292811 292810 0
pn1 292810 292814 2
pn1 292814 292816 0
pn1 292816 292820 1
pn1 292820 292817 0
pn1 292817 292821 2
pn1 292821 292819 0
pn1 292819 292823 1
pn1 292823 292822 0
pn1 292822 292826 1
pn1 292826 292823 0
pn1 292823 292827 2
pn1 292827 292846 0
pn1 292846 292850 1
pn1 292850 292852 0
pn1 292852 292856 1
pn1 292856 292867 0
pn1 292867 292871 1
pn1 292871 292873 0
pn1 292873 292877 2
pn1 292877 292877 0
pn1 292877 292881 1
pn1 292881 292880 0
pn1 292880 292884 2
pn1 292884 292882 0
pn1 292882 292886 2
pn1 292886 292893 0
pn1 292893 292897 2
pn1 292897 292895 0
pn1 292895 292899 2
pn1 292899 292897 0
pn1 292897 292901 2
pn1 292901 292901 0
pn1 292901 292905 2
pn1 292905 292904 0
pn1 292904 292908 2
pn1 292908 292912 0
pn1 292912 292916 1
pn1 292916 292915 0
pn1 292915 292919 1
pn1 292919 292924 0
pn1 292924 292928 1
pn1 292928 292928 0
pn1 292928 292932 1
pn1 292932 292930 0
pn1 292930 292934 2
pn1 292934 292937 0
pn1 292937 292941 1
pn1 292941 292938 0
pn1 292938 292942 1
pn1 292942 292939 0
pn1 292939 292943 1
pn1 292943 292948 0
pn1 292948 292952 1
pn1 292952 292957 0
pn1 292957 292961 2
pn1 292961 292971 0
pn1 292971 292975 2
pn1 292975 292977 0
pn1 292977 292981 2
pn1 292981 292999 0
pn1 292999 293003 2
pn1 293003 293008 0
pn1 293008 293012 2
pn1 293012 293015 0
pn1 293015 293019 2
pn1 293019 293031 0
pn1 293031 293035 2
pn1 293035 293046 0
pn1 293046 293050 2
pn1 293050 293064 0
pn1 293064 293068 2
pn1 293068 293067 0
pn1 293067 293071 1
pn1 293071 293068 0
pn1 293068 293072 1
pn1 293072 293071 0
pn1 293071 293075 2
pn1 293075 293077 0
pn1 293077 293081 1
pn1 293081 293083 0
pn1 293083 293087 2
pn1 293087 293093 0
pn1 293093 293097 2
pn1 293097 293098 0
pn1 293098 293102 2
pn1 293102 293102 0
pn1 293102 293106 2
pn1 293106 293104 0
pn1 293104 293108 2
pn1 293108 293111 0
pn1 293111 293115 1
pn1 293115 293113 0
pn1 293113 293117 2
pn1 293117 293116 0
pn1 293116 293120 2
pn1 293120 293119 0
pn1 293119 293123 2
pn1 293123 293131 0
pn1 293131 293135 2
pn1 293135 293134 0
pn1 293134 293138 2
pn1 293138 293137 0
pn1 293137 293141 2
pn1 293141 293143 0
pn1 293143 293147 2
pn1 293147 293149 0
pn1 293149 293153 2
pn1 293153 293155 0
pn1 293155 293159 2
pn1 293159 293161 0
pn1 293161 293165 2
pn1 293165 293164 0
pn1 293164 293168 2
pn1 293168 293167 0
pn1 293167 293171 2
pn1 293171 293170 0
pn1 293170 293174 1
pn1 293174 293173 0
pn1 293173 293177 1
pn1 293177 293179 0
pn1 293179 293183 1
pn1 293183 293182 0
pn1 293182 293186 1
pn1 293186 293185 0
pn1 293185 293189 1
pn1 293189 293191 0
pn1 293191 293195 1
pn1 293195 293196 0
pn1 293196 293200 1
pn1 293200 293197 0
pn1 293197 293201 1
pn1 293201 293203 0
pn1 293203 293207 1
pn1 293207 293224 0
pn1 293224 293228 1
pn1 293228 293260 0
pn1 293260 293264 1
pn1 293264 293263 0
pn1 293263 293267 2
pn1 293267 293266 0
pn1 293266 293270 2
pn1 293270 293321 0
pn1 293321 293325 1
pn1 293325 293338 0
pn1 293338 293342 1
pn1 293342 293341 0
pn1 293341 293345 1
pn1 293345 293344 0
pn1 293344 293348 1
pn1 293348 293347 0
pn1 293347 293351 1
pn1 293351 293356 0
pn1 293356 293360 1
pn1 293360 293359 0
pn1 293359 293363 1
pn1 293363 293365 0
pn1 293365 293369 1
pn1 293369 293368 0
pn1 293368 293372 1
pn1 293372 293377 0
pn1 293377 293381 2
pn1 293381 293378 0
pn1 293378 293382 2
pn1 293382 293383 0
pn1 293383 293387 2
pn1 293387 293385 0
pn1 293385 293389 1
pn1 293389 293393 0
pn1 293393 293397 1
pn1 293397 293405 0
pn1 293405 293409 2
pn1 293409 293413 0
pn1 293413 293417 1
pn1 293417 293432 0
pn1 293432 293436 2
pn1 293436 293452 0
pn1 293452 293456 1
pn1 293456 293455 0
pn1 293455 293459 2
pn1 293459 293456 0
pn1 293456 293460 1
pn1 293460 293457 0
pn1 293457 293461 1
pn1 293461 293458 0
pn1 293458 293462 1
pn1 293462 293464 0
pn1 293464 293468 1
pn1 293468 293472 0
pn1 293472 293476 1
pn1 293476 293474 0
pn1 293474 293478 1
pn1 293478 293479 0
pn1 293479 293483 1
pn1 293483 293488 0
pn1 293488 293492 1
pn1 293492 293500 0
pn1 293500 293504 1
pn1 293504 293501 0
pn1 293501 293505 1
pn1 293505 293503 0
pn1 293503 293507 1
pn1 293507 293506 0
pn1 293506 293510 1
pn1 293510 293509 0
pn1 293509 293513 1
pn1 293513 293545 0
pn1 293545 293549 1
pn1 293549 293566 0
pn1 293566 293570 1
pn1 293570 293567 0
pn1 293567 293571 1
pn1 293571 293569 0
pn1 293569 293573 1
pn1 293573 293585 0
pn1 293585 293589 1
pn1 293589 293591 0
pn1 293591 293595 1
pn1 293595 293593 0
pn1 293593 293597 1
pn1 293597 293632 0
pn1 293632 293636 1
pn1 293636 293635 0
pn1 293635 293639 1
pn1 293639 293638 0
pn1 293638 293642 1
pn1 293642 293644 0
pn1 293644 293648 1
pn1 293648 293679 0
pn1 293679 293683 1
pn1 293683 293683 0
pn1 293683 293687 1
pn1 293687 293692 0
pn1 293692 293696 2
pn1 293696 293695 0
pn1 293695 293699 2
pn1 293699 293698 0
pn1 293698 293702 1
pn1 293702 293701 0
pn1 293701 293705 2
pn1 293705 293734 0
pn1 293734 293738 2
pn1 293738 293737 0
pn1 293737 293741 2
pn1 293741 293740 0
pn1 293740 293744 2
pn1 293744 293749 0
pn1 293749 293753 1
pn1 293753 293750 0
pn1 293750 293754 2
pn1 293754 293755 0
pn1 293755 293759 2
pn1 293759 293758 0
pn1 293758 293762 1
pn1 293762 293764 0
pn1 293764 293768 2
pn1 293768 293770 0
pn1 293770 293774 1
pn1 293774 293776 0
pn1 293776 293780 1
pn1 293780 293785 0
pn1 293785 293789 2
pn1 293789 293794 0
pn1 293794 293798 1
pn1 293798 293801 0
pn1 293801 293805 2
pn1 293805 293803 0
pn1 293803 293807 2
pn1 293807 293806 0
pn1 293806 293810 1
pn1 293810 293809 0
pn1 293809 293813 1
pn1 293813 293820 0
pn1 293820 293824 1
pn1 293824 293827 0
pn1 293827 293831 1
pn1 293831 293830 0
pn1 293830 293834 1
pn1 293834 293879 0
pn1 293879 293883 1
pn1 293883 293881 0
pn1 293881 293885 1
pn1 293885 293908 0
pn1 293908 293912 1
pn1 293912 293911 0
pn1 293911 293915 1
pn1 293915 293917 0
pn1 293917 293921 1
pn1 293921 293929 0
pn1 293929 293933 2
pn1 293933 293935 0
pn1 293935 293939 2
pn1 293939 293941 0
pn1 293941 293945 1
pn1 293945 293943 0
pn1 293943 293947 1
pn1 293947 293947 0
pn1 293947 293951 2
pn1 293951 293951 0
pn1 293951 293955 1
pn1 293955 293959 0
pn1 293959 293963 2
pn1 293963 293968 0
pn1 293968 293972 1
pn1 293972 293973 0
pn1 293973 293977 1
pn1 293977 293977 0
pn1 293977 293981 1
pn1 293981 293982 0
pn1 293982 293986 1
pn1 293986 293986 0
pn1 293986 293990 2
pn1 293990 293989 0
pn1 293989 293993 2
pn1 293993 293990 0
pn1 293990 293994 1
pn1 293994 293992 0
pn1 293992 293996 2
pn1 293996 293998 0
pn1 293998 294002 1
pn1 294002 294001 0
pn1 294001 294005 1
pn1 294005 294005 0
pn1 294005 294009 1
pn1 294009 294007 0
pn1 294007 294011 1
pn1 294011 294008 0
pn1 294008 294012 1
pn1 294012 294013 0
pn1 294013 294017 1
pn1 294017 294016 0
pn1 294016 294020 2
pn1 294020 294017 0
pn1 294017 294021 2
pn1 294021 294019 0
pn1 294019 294023 2
pn1 294023 294031 0
pn1 294031 294035 2
pn1 294035 294034 0
pn1 294034 294038 1
pn1 294038 294037 0
pn1 294037 294041 1
pn1 294041 294040 0
pn1 294040 294044 2
pn1 294044 294041 0
pn1 294041 294045 2
pn1 294045 294042 0
pn1 294042 294046 2
pn1 294046 294043 0
pn1 294043 294047 2
pn1 294047 294046 0
pn1 294046 294050 2
pn1 294050 294064 0
pn1 294064 294068 1
pn1 294068 294065 0
pn1 294065 294069 1
pn1 294069 294070 0
pn1 294070 294074 1
pn1 294074 294082 0
pn1 294082 294086 1
pn1 294086 294083 0
pn1 294083 294087 2
pn1 294087 294099 0
pn1 294099 294103 2
pn1 294103 294131 0
pn1 294131 294135 2
pn1 294135 294134 0
pn1 294134 294138 2
pn1 294138 294239 0
pn1 294239 294243 2
pn1 294243 294278 0
pn1 294278 294282 1
pn1 294282 294281 0
pn1 294281 294285 1
pn1 294285 294293 0
pn1 294293 294297 1
pn1 294297 294300 0
pn1 294300 294304 2
pn1 294304 294308 0
pn1 294308 294312 1
pn1 294312 294320 0
pn1 294320 294324 2
pn1 294324 294321 0
pn1 294321 294325 2
pn1 294325 294323 0
pn1 294323 294327 2
pn1 294327 294333 0
pn1 294333 294337 2
pn1 294337 294335 0
pn1 294335 294339 2
pn1 294339 294338 0
pn1 294338 294342 1
pn1 294342 294356 0
pn1 294356 294360 1
pn1 294360 294359 0
pn1 294359 294363 1
pn1 294363 294363 0
pn1 294363 294367 1
pn1 294367 294368 0
pn1 294368 294372 2
pn1 294372 294371 0
pn1 294371 294375 1
pn1 294375 294374 0
pn1 294374 294378 1
pn1 294378 294377 0
pn1 294377 294381 1
pn1 294381 294380 0
pn1 294380 294384 2
pn1 294384 294381 0
pn1 294381 294385 2
pn1 294385 294383 0
pn1 294383 294387 2
pn1 294387 294395 0
pn1 294395 294399 1
pn1 294399 294398 0
pn1 294398 294402 1
pn1 294402 294431 0
pn1 294431 294435 1
pn1 294435 294443 0
pn1 294443 294447 1
pn1 294447 294449 0
pn1 294449 294453 2
pn1 294453 294452 0
pn1 294452 294456 2
pn1 294456 294455 0
pn1 294455 294459 2
pn1 294459 294458 0
pn1 294458 294462 2
pn1 294462 294464 0
pn1 294464 294468 2
pn1 294468 294465 0
pn1 294465 294469 1
pn1 294469 294466 0
pn1 294466 294470 1
pn1 294470 294473 0
pn1 294473 294477 1
pn1 294477 294476 0
pn1 294476 294480 2
pn1 294480 294477 0
pn1 294477 294481 2
pn1 294481 294482 0
pn1 294482 294486 1
pn1 294486 294485 0
pn1 294485 294489 2
pn1 294489 294486 0
pn1 294486 294490 2
pn1 294490 294488 0
pn1 294488 294492 2
pn1 294492 294489 0
pn1 294489 294493 2
pn1 294493 294491 0
pn1 294491 294495 2
pn1 294495 294494 0
pn1 294494 294498 2
pn1 294498 294497 0
pn1 294497 294501 2
pn1 294501 294503 0
pn1 294503 294507 1
pn1 294507 294539 0
pn1 294539 294543 1
pn1 294543 294542 0
pn1 294542 294546 1
pn1 294546 294548 0
pn1 294548 294552 1
pn1 294552 294552 0
pn1 294552 294556 2
pn1 294556 294554 0
pn1 294554 294558 2
pn1 294558 294570 0
pn1 294570 294574 2
pn1 294574 294593 0
pn1 294593 294597 2
pn1 294597 294623 0
pn1 294623 294627 2
pn1 294627 294627 0
pn1 294627 294631 2
pn1 294631 294701 0
pn1 294701 294705 2
pn1 294705 294710 0
pn1 294710 294714 2
pn1 294714 294740 0
pn1 294740 294744 2
pn1 294744 294746 0
pn1 294746 294750 2
pn1 294750 294756 0
pn1 294756 294760 2
pn1 294760 294791 0
pn1 294791 294795 2
pn1 294795 294818 0
pn1 294818 294822 2
pn1 294822 294905 0
pn1 294905 294909 2
pn1 294909 295055 0
pn1 295055 295059 2
pn1 295059 295109 0
pn1 295109 295113 2
pn1 295113 295431 0
pn1 295431 295435 1
pn1 295435 295570 0
pn1 295570 295574 2
pn1 295574 295650 0
pn1 295650 295654 2
pn1 295654 295651 0
pn1 295651 295655 2
pn1 295655 295807 0
pn1 295807 295811 2
pn1 295811 295819 0
pn1 295819 295823 1
pn1 295823 295829 0
pn1 295829 295833 1
pn1 295833 296023 0
pn1 296023 296027 2
pn1 296027 296233 0
pn1 296233 296237 2
pn1 296237 296307 0
pn1 296307 296311 2
pn1 296311 296341 0
pn1 296341 296345 2
pn1 296345 296497 0
pn1 296497 296501 2
pn1 296501 296515 0
pn1 296515 296519 2
pn1 296519 296677 0
pn1 296677 296681 2
pn1 296681 296866 0
pn1 296866 296870 2
pn1 296870 297810 0
pn1 297810 297814 1
pn1 297814 298847 0
pn1 298847 298851 2
pn1 298851 300399 0
pn1 300399 300403 2
pn1 300403 301285 0
pn1 301285 301289 2
pn1 301289 301288 0
pn1 301288 301292 2
pn1 301292 301441 0
pn1 301441 301445 2
pn1 301445 302576 0
pn1 302576 302580 1
pn1 302580 304726 0
pn1 304726 304730 2
pn1 304730 304729 0
pn1 304729 304733 2
pn1 304733 304731 0
pn1 304731 304735 2
pn1 304735 304737 0
pn1 304737 304741 2
pn1 304741 304738 0
pn1 304738 304742 2
pn1 304742 304751 0
pn1 304751 304755 2
pn1 304755 304753 0
pn1 304753 304757 2
pn1 304757 304755 0
pn1 304755 304759 2
pn1 304759 304756 0
pn1 304756 304760 2
pn1 304760 304763 0
pn1 304763 304767 2
pn1 304767 304775 0
pn1 304775 304779 1
pn1 304779 324210 0
pn1 324210 324214 1
pn1 324214 324217 0
pn1 324217 324221 1
pn1 324221 324265 0
pn1 324265 324269 1
pn1 324269 324267 0
pn1 324267 324271 2
pn1 324271 324353 0
pn1 324353 324357 2
pn1 324357 324545 0
pn1 324545 324549 2
pn1 324549 324563 0
pn1 324563 324567 2
pn1 324567 324650 0
pn1 324650 324654 2
pn1 324654 324668 0
pn1 324668 324672 2
pn1 324672 324682 0
pn1 324682 324686 2
pn1 324686 324698 0
pn1 324698 324702 2
pn1 324702 324740 0
pn1 324740 324744 2
pn1 324744 324756 0
pn1 324756 324760 2
pn1 324760 324761 0
pn1 324761 324765 2
pn1 324765 325037 0
pn1 325037 325041 2
pn1 325041 325127 0
pn1 325127 325131 2
pn1 325131 325130 0
pn1 325130 325134 2
pn1 325134 325215 0
pn1 325215 325219 1
pn1 325219 325220 0
pn1 325220 325224 1
pn1 325224 325243 0
pn1 325243 325247 1
pn1 325247 325244 0
pn1 325244 325248 1
pn1 325248 325367 0
pn1 325367 325371 1
pn1 325371 325619 0
pn1 325619 325623 1
pn1 325623 325661 0
pn1 325661 325665 2
pn1 325665 325666 0
pn1 325666 325670 2
pn1 325670 325688 0
pn1 325688 325692 2
pn1 325692 325727 0
pn1 325727 325731 2
pn1 325731 325728 0
pn1 325728 325732 2
pn1 325732 325730 0
pn1 325730 325734 2
pn1 325734 325739 0
pn1 325739 325743 2
pn1 325743 325742 0
pn1 325742 325746 1
pn1 325746 325775 0
pn1 325775 325779 2
pn1 325779 325795 0
pn1 325795 325799 2
pn1 325799 325847 0
pn1 325847 325851 2
pn1 325851 325848 0
pn1 325848 325852 2
pn1 325852 325849 0
pn1 325849 325853 2
pn1 325853 325853 0
pn1 325853 325857 2
pn1 325857 325862 0
pn1 325862 325866 2
pn1 325866 325865 0
pn1 325865 325869 1
pn1 325869 325913 0
pn1 325913 325917 1
pn1 325917 325924 0
pn1 325924 325928 2
pn1 325928 325934 0
pn1 325934 325938 2
pn1 325938 325938 0
pn1 325938 325942 1
pn1 325942 325954 0
pn1 325954 325958 1
pn1 325958 325956 0
pn1 325956 325960 1
pn1 325960 325964 0
pn1 325964 325968 1
pn1 325968 325965 0
pn1 325965 325969 1
pn1 325969 325968 0
pn1 325968 325972 1
pn1 325972 325969 0
pn1 325969 325973 1
pn1 325973 325970 0
pn1 325970 325974 1
pn1 325974 325971 0
pn1 325971 325975 2
pn1 325975 325974 0
pn1 325974 325978 1
pn1 325978 325981 0
pn1 325981 325985 1
pn1 325985 325983 0
pn1 325983 325987 1
pn1 325987 325988 0
pn1 325988 325992 2
pn1 325992 326024 0
pn1 326024 326028 1
pn1 326028 326030 0
pn1 326030 326034 2
pn1 326034 326035 0
pn1 326035 326039 2
pn1 326039 326145 0
pn1 326145 326149 2
pn1 326149 326158 0
pn1 326158 326162 2
pn1 326162 326162 0
pn1 326162 326166 1
pn1 326166 326183 0
pn1 326183 326187 1
pn1 326187 326239 0
pn1 326239 326243 1
pn1 326243 326250 0
pn1 326250 326254 1
pn1 326254 326255 0
pn1 326255 326259 2
pn1 326259 326269 0
pn1 326269 326273 1
pn1 326273 326281 0
pn1 326281 326285 2
pn1 326285 326306 0
pn1 326306 326310 2
pn1 326310 326314 0
pn1 326314 326318 1
pn1 326318 326320 0
pn1 326320 326324 1
pn1 326324 326358 0
pn1 326358 326362 1
pn1 326362 326389 0
pn1 326389 326393 2
pn1 326393 326403 0
pn1 326403 326407 1
pn1 326407 326411 0
pn1 326411 326415 2
pn1 326415 326413 0
pn1 326413 326417 2
pn1 326417 326438 0
pn1 326438 326442 2
pn1 326442 326442 0
pn1 326442 326446 1
pn1 326446 326446 0
pn1 326446 326450 2
pn1 326450 326450 0
pn1 326450 326454 2
pn1 326454 326456 0
pn1 326456 326460 2
pn1 326460 326460 0
pn1 326460 326464 2
pn1 326464 326508 0
pn1 326508 326512 2
pn1 326512 326513 0
pn1 326513 326517 1
pn1 326517 326540 0
pn1 326540 326544 2
pn1 326544 326567 0
pn1 326567 326571 2
pn1 326571 326618 0
pn1 326618 326622 2
pn1 326622 326654 0
pn1 326654 326658 2
pn1 326658 326655 0
pn1 326655 326659 2
pn1 326659 326671 0
pn1 326671 326675 2
pn1 326675 326682 0
pn1 326682 326686 1
pn1 326686 326708 0
pn1 326708 326712 2
pn1 326712 326807 0
pn1 326807 326811 1
pn1 326811 326819 0
pn1 326819 326823 2
pn1 326823 326822 0
pn1 326822 326826 2
pn1 326826 326825 0
pn1 326825 326829 2
pn1 326829 326828 0
pn1 326828 326832 2
pn1 326832 326840 0
pn1 326840 326844 2
pn1 326844 326843 0
pn1 326843 326847 2
pn1 326847 326851 0
pn1 326851 326855 1
pn1 326855 326863 0
pn1 326863 326867 1
pn1 326867 326870 0
pn1 326870 326874 1
pn1 326874 326873 0
pn1 326873 326877 1
pn1 326877 326876 0
pn1 326876 326880 1
pn1 326880 326878 0
pn1 326878 326882 1
pn1 326882 326879 0
pn1 326879 326883 1
pn1 326883 326891 0
pn1 326891 326895 1
pn1 326895 326892 0
pn1 326892 326896 1
pn1 326896 326916 0
pn1 326916 326920 2
pn1 326920 327056 0
pn1 327056 327060 2
pn1 327060 327062 0
pn1 327062 327066 2
pn1 327066 327072 0
pn1 327072 327076 2
pn1 327076 327073 0
pn1 327073 327077 2
pn1 327077 327074 0
pn1 327074 327078 2
pn1 327078 327080 0
pn1 327080 327084 2
pn1 327084 327096 0
pn1 327096 327100 1
pn1 327100 327097 0
pn1 327097 327101 2
pn1 327101 327121 0
pn1 327121 327125 2
pn1 327125 327128 0
pn1 327128 327132 2
pn1 327132 327131 0
pn1 327131 327135 2
pn1 327135 327149 0
pn1 327149 327153 2
pn1 327153 327203 0
pn1 327203 327207 1
pn1 327207 327222 0
pn1 327222 327226 1
pn1 327226 327248 0
pn1 327248 327252 2
pn1 327252 327294 0
pn1 327294 327298 2
pn1 327298 327305 0
pn1 327305 327309 1
pn1 327309 327320 0
pn1 327320 327324 2
pn1 327324 327325 0
pn1 327325 327329 1
pn1 327329 327332 0
pn1 327332 327336 1
pn1 327336 327386 0
pn1 327386 327390 1
pn1 327390 327441 0
pn1 327441 327445 1
pn1 327445 327452 0
pn1 327452 327456 2
pn1 327456 327473 0
pn1 327473 327477 1
pn1 327477 327477 0
pn1 327477 327481 1
pn1 327481 327488 0
pn1 327488 327492 2
pn1 327492 327497 0
pn1 327497 327501 1
pn1 327501 327521 0
pn1 327521 327525 2
pn1 327525 327533 0
pn1 327533 327537 2
pn1 327537 327536 0
pn1 327536 327540 2
pn1 327540 327537 0
pn1 327537 327541 2
pn1 327541 327539 0
pn1 327539 327543 2
pn1 327543 327542 0
pn1 327542 327546 2
pn1 327546 327611 0
pn1 327611 327615 2
pn1 327615 327652 0
pn1 327652 327656 2
pn1 327656 327664 0
pn1 327664 327668 2
pn1 327668 327731 0
pn1 327731 327735 2
pn1 327735 327733 0
pn1 327733 327737 1
pn1 327737 327809 0
pn1 327809 327813 2
pn1 327813 327820 0
pn1 327820 327824 1
pn1 327824 327857 0
pn1 327857 327861 2
pn1 327861 327861 0
pn1 327861 327865 2
pn1 327865 327932 0
pn1 327932 327936 2
pn1 327936 327977 0
pn1 327977 327981 2
pn1 327981 328022 0
pn1 328022 328026 2
pn1 328026 328095 0
pn1 328095 328099 1
pn1 328099 328142 0
pn1 328142 328146 2
pn1 328146 328178 0
pn1 328178 328182 2
pn1 328182 328217 0
pn1 328217 328221 2
pn1 328221 328285 0
pn1 328285 328289 2
pn1 328289 328294 0
pn1 328294 328298 1
pn1 328298 328334 0
pn1 328334 328338 1
pn1 328338 328401 0
pn1 328401 328405 1
pn1 328405 328409 0
pn1 328409 328413 1
pn1 328413 328505 0
pn1 328505 328509 2
pn1 328509 328517 0
pn1 328517 328521 1
pn1 328521 328539 0
pn1 328539 328543 1
pn1 328543 328547 0
pn1 328547 328551 2
pn1 328551 328556 0
pn1 328556 328560 2
pn1 328560 328657 0
pn1 328657 328661 1
pn1 328661 328668 0
pn1 328668 328672 1
pn1 328672 328670 0
pn1 328670 328674 1
pn1 328674 328673 0
pn1 328673 328677 1
pn1 328677 328676 0
pn1 328676 328680 2
pn1 328680 328688 0
pn1 328688 328692 2
pn1 328692 328691 0
pn1 328691 328695 2
pn1 328695 328694 0
pn1 328694 328698 2
pn1 328698 328698 0
pn1 328698 328702 2
pn1 328702 328700 0
pn1 328700 328704 2
pn1 328704 328706 0
pn1 328706 328710 2
pn1 328710 328712 0
pn1 328712 328716 2
pn1 328716 328721 0
pn1 328721 328725 2
pn1 328725 328727 0
pn1 328727 328731 2
pn1 328731 328748 0
pn1 328748 328752 2
pn1 328752 328772 0
pn1 328772 328776 2
pn1 328776 328773 0
pn1 328773 328777 1
pn1 328777 328781 0
pn1 328781 328785 2
pn1 328785 328782 0
pn1 328782 328786 2
pn1 328786 328792 0
pn1 328792 328796 2
pn1 328796 328795 0
pn1 328795 328799 1
pn1 328799 328826 0
pn1 328826 328830 2
pn1 328830 328836 0
pn1 328836 328840 2
pn1 328840 328839 0
pn1 328839 328843 2
pn1 328843 328855 0
pn1 328855 328859 1
pn1 328859 328886 0
pn1 328886 328890 2
pn1 328890 328899 0
pn1 328899 328903 2
pn1 328903 328928 0
pn1 328928 328932 2
pn1 328932 328931 0
pn1 328931 328935 2
pn1 328935 328973 0
pn1 328973 328977 2
pn1 328977 328986 0
pn1 328986 328990 1
pn1 328990 328989 0
pn1 328989 328993 2
pn1 328993 329006 0
pn1 329006 329010 2
pn1 329010 329028 0
pn1 329028 329032 2
pn1 329032 329030 0
pn1 329030 329034 2
pn1 329034 329034 0
pn1 329034 329038 2
pn1 329038 329057 0
pn1 329057 329061 2
pn1 329061 329058 0
pn1 329058 329062 1
pn1 329062 329124 0
pn1 329124 329128 1
pn1 329128 329127 0
pn1 329127 329131 2
pn1 329131 329177 0
pn1 329177 329181 2
pn1 329181 329180 0
pn1 329180 329184 2
pn1 329184 329183 0
pn1 329183 329187 2
pn1 329187 329186 0
pn1 329186 329190 2
pn1 329190 329192 0
pn1 329192 329196 2
pn1 329196 329201 0
pn1 329201 329205 2
pn1 329205 329209 0
pn1 329209 329213 1
pn1 329213 329222 0
pn1 329222 329226 2
pn1 329226 329227 0
pn1 329227 329231 1
pn1 329231 329243 0
pn1 329243 329247 2
pn1 329247 329255 0
pn1 329255 329259 2
pn1 329259 329258 0
pn1 329258 329262 2
pn1 329262 329261 0
pn1 329261 329265 2
pn1 329265 329264 0
pn1 329264 329268 2
pn1 329268 329273 0
pn1 329273 329277 2
pn1 329277 329285 0
pn1 329285 329289 2
pn1 329289 329288 0
pn1 329288 329292 2
pn1 329292 329390 0
pn1 329390 329394 2
pn1 329394 329405 0
pn1 329405 329409 2
pn1 329409 329407 0
pn1 329407 329411 2
pn1 329411 329423 0
pn1 329423 329427 2
pn1 329427 329429 0
pn1 329429 329433 2
pn1 329433 329453 0
pn1 329453 329457 2
pn1 329457 329461 0
pn1 329461 329465 2
pn1 329465 329468 0
pn1 329468 329472 2
pn1 329472 329513 0
pn1 329513 329517 2
pn1 329517 329519 0
pn1 329519 329523 2
pn1 329523 329531 0
pn1 329531 329535 2
pn1 329535 329534 0
pn1 329534 329538 1
pn1 329538 329537 0
pn1 329537 329541 1
pn1 329541 329553 0
pn1 329553 329557 2
pn1 329557 329555 0
pn1 329555 329559 2
pn1 329559 329571 0
pn1 329571 329575 2
pn1 329575 329582 0
pn1 329582 329586 1
pn1 329586 329612 0
pn1 329612 329616 2
pn1 329616 329624 0
pn1 329624 329628 2
pn1 329628 329639 0
pn1 329639 329643 2
pn1 329643 329645 0
pn1 329645 329649 2
pn1 329649 329651 0
pn1 329651 329655 2
pn1 329655 329658 0
pn1 329658 329662 2
pn1 329662 329664 0
pn1 329664 329668 2
pn1 329668 329723 0
pn1 329723 329727 2
pn1 329727 329726 0
pn1 329726 329730 2
pn1 329730 329734 0
pn1 329734 329738 1
pn1 329738 329739 0
pn1 329739 329743 2
pn1 329743 329744 0
pn1 329744 329748 2
pn1 329748 329747 0
pn1 329747 329751 1
pn1 329751 329753 0
pn1 329753 329757 2
pn1 329757 329792 0
pn1 329792 329796 2
pn1 329796 329807 0
pn1 329807 329811 2
pn1 329811 329828 0
pn1 329828 329832 2
pn1 329832 329834 0
pn1 329834 329838 1
pn1 329838 329846 0
pn1 329846 329850 2
pn1 329850 329849 0
pn1 329849 329853 2
pn1 329853 329850 0
pn1 329850 329854 1
pn1 329854 329876 0
pn1 329876 329880 2
pn1 329880 329888 0
pn1 329888 329892 2
pn1 329892 329897 0
pn1 329897 329901 2
pn1 329901 329903 0
pn1 329903 329907 2
pn1 329907 329923 0
pn1 329923 329927 1
pn1 329927 329924 0
pn1 329924 329928 2
pn1 329928 329933 0
pn1 329933 329937 2
pn1 329937 329936 0
pn1 329936 329940 2
pn1 329940 329963 0
pn1 329963 329967 2
pn1 329967 329966 0
pn1 329966 329970 2
pn1 329970 329969 0
pn1 329969 329973 2
pn1 329973 329978 0
pn1 329978 329982 2
pn1 329982 329981 0
pn1 329981 329985 2
pn1 329985 329990 0
pn1 329990 329994 2
pn1 329994 330029 0
pn1 330029 330033 1
pn1 330033 330041 0
pn1 330041 330045 2
pn1 330045 330066 0
pn1 330066 330070 2
pn1 330070 330089 0
pn1 330089 330093 2
pn1 330093 330107 0
pn1 330107 330111 2
pn1 330111 330143 0
pn1 330143 330147 2
pn1 330147 330152 0
pn1 330152 330156 1
pn1 330156 330160 0
pn1 330160 330164 2
pn1 330164 330164 0
pn1 330164 330168 2
pn1 330168 330175 0
pn1 330175 330179 2
pn1 330179 330378 0
pn1 330378 330382 2
pn1 330382 330418 0
pn1 330418 330422 1
pn1 330422 330428 0
pn1 330428 330432 2
pn1 330432 330429 0
pn1 330429 330433 1
pn1 330433 330439 0
pn1 330439 330443 1
pn1 330443 330482 0
pn1 330482 330486 2
pn1 330486 330492 0
pn1 330492 330496 2
pn1 330496 330494 0
pn1 330494 330498 2
pn1 330498 330509 0
pn1 330509 330513 1
pn1 330513 330662 0
pn1 330662 330666 1
pn1 330666 330667 0
pn1 330667 330671 2
pn1 330671 330668 0
pn1 330668 330672 1
pn1 330672 330678 0
pn1 330678 330682 2
pn1 330682 330692 0
pn1 330692 330696 1
pn1 330696 330701 0
pn1 330701 330705 1
pn1 330705 330704 0
pn1 330704 330708 2
pn1 330708 330705 0
pn1 330705 330709 2
pn1 330709 330710 0
pn1 330710 330714 1
pn1 330714 330719 0
pn1 330719 330723 2
pn1 330723 330724 0
pn1 330724 330728 1
pn1 330728 330740 0
pn1 330740 330744 2
pn1 330744 330789 0
pn1 330789 330793 2
pn1 330793 330792 0
pn1 330792 330796 2
pn1 330796 330807 0
pn1 330807 330811 2
pn1 330811 330815 0
pn1 330815 330819 2
pn1 330819 330818 0
pn1 330818 330822 2
pn1 330822 330819 0
pn1 330819 330823 2
pn1 330823 330827 0
pn1 330827 330831 2
pn1 330831 330844 0
pn1 330844 330848 2
pn1 330848 330848 0
pn1 330848 330852 2
pn1 330852 330853 0
pn1 330853 330857 2
pn1 330857 330872 0
pn1 330872 330876 2
pn1 330876 330878 0
pn1 330878 330882 2
pn1 330882 330880 0
pn1 330880 330884 1
pn1 330884 330884 0
pn1 330884 330888 2
pn1 330888 330899 0
pn1 330899 330903 2
pn1 330903 330905 0
pn1 330905 330909 2
pn1 330909 330926 0
pn1 330926 330930 1
pn1 330930 330983 0
pn1 330983 330987 2
pn1 330987 330985 0
pn1 330985 330989 1
pn1 330989 330991 0
pn1 330991 330995 2
pn1 330995 330995 0
pn1 330995 330999 2
pn1 330999 331013 0
pn1 331013 331017 1
pn1 331017 331036 0
pn1 331036 331040 2
pn1 331040 331040 0
pn1 331040 331044 2
pn1 331044 331068 0
pn1 331068 331072 2
pn1 331072 331146 0
pn1 331146 331150 2
pn1 331150 331159 0
pn1 331159 331163 2
pn1 331163 331163 0
pn1 331163 331167 1
pn1 331167 331237 0
pn1 331237 331241 1
pn1 331241 331255 0
pn1 331255 331259 2
pn1 331259 331269 0
pn1 331269 331273 1
pn1 331273 331296 0
pn1 331296 331300 2
pn1 331300 331311 0
pn1 331311 331315 1
pn1 331315 331313 0
pn1 331313 331317 2
pn1 331317 331318 0
pn1 331318 331322 1
pn1 331322 331319 0
pn1 331319 331323 2
pn1 331323 331345 0
pn1 331345 331349 2
pn1 331349 331352 0
pn1 331352 331356 2
pn1 331356 331393 0
pn1 331393 331397 1
pn1 331397 331432 0
pn1 331432 331436 2
pn1 331436 331441 0
pn1 331441 331445 1
pn1 331445 331444 0
pn1 331444 331448 2
pn1 331448 331452 0
pn1 331452 331456 1
pn1 331456 331462 0
pn1 331462 331466 1
pn1 331466 331476 0
pn1 331476 331480 2
pn1 331480 331483 0
pn1 331483 331487 2
pn1 331487 331507 0
pn1 331507 331511 1
pn1 331511 331521 0
pn1 331521 331525 2
pn1 331525 331831 0
pn1 331831 331835 2
pn1 331835 331843 0
pn1 331843 331847 2
pn1 331847 331846 0
pn1 331846 331850 1
pn1 331850 331849 0
pn1 331849 331853 2
pn1 331853 331863 0
pn1 331863 331867 1
pn1 331867 331867 0
pn1 331867 331871 1
pn1 331871 331870 0
pn1 331870 331874 1
pn1 331874 331872 0
pn1 331872 331876 1
pn1 331876 331873 0
pn1 331873 331877 2
pn1 331877 331876 0
pn1 331876 331880 2
pn1 331880 331891 0
pn1 331891 331895 2
pn1 331895 331894 0
pn1 331894 331898 2
pn1 331898 331897 0
pn1 331897 331901 2
pn1 331901 331921 0
pn1 331921 331925 2
pn1 331925 331924 0
pn1 331924 331928 2
pn1 331928 331927 0
pn1 331927 331931 1
pn1 331931 331936 0
pn1 331936 331940 2
pn1 331940 331943 0
pn1 331943 331947 2
pn1 331947 331948 0
pn1 331948 331952 2
pn1 331952 331960 0
pn1 331960 331964 2
pn1 331964 331963 0
pn1 331963 331967 2
pn1 331967 331969 0
pn1 331969 331973 2
pn1 331973 332002 0
pn1 332002 332006 1
pn1 332006 332014 0
pn1 332014 332018 1
pn1 332018 332020 0
pn1 332020 332024 1
pn1 332024 332113 0
pn1 332113 332117 1
pn1 332117 332161 0
pn1 332161 332165 1
pn1 332165 332170 0
pn1 332170 332174 1
pn1 332174 332209 0
pn1 332209 332213 1
pn1 332213 332212 0
pn1 332212 332216 1
pn1 332216 332278 0
pn1 332278 332282 2
pn1 332282 332287 0
pn1 332287 332291 2
pn1 332291 332311 0
pn1 332311 332315 2
pn1 332315 332323 0
pn1 332323 332327 2
pn1 332327 332332 0
pn1 332332 332336 2
pn1 332336 332335 0
pn1 332335 332339 2
pn1 332339 332347 0
pn1 332347 332351 2
pn1 332351 332359 0
pn1 332359 332363 1
pn1 332363 332360 0
pn1 332360 332364 1
pn1 332364 332392 0
pn1 332392 332396 1
pn1 332396 332395 0
pn1 332395 332399 2
pn1 332399 332404 0
pn1 332404 332408 2
pn1 332408 332407 0
pn1 332407 332411 2
pn1 332411 332410 0
pn1 332410 332414 2
pn1 332414 332419 0
pn1 332419 332423 2
pn1 332423 332620 0
pn1 332620 332624 2
pn1 332624 332623 0
pn1 332623 332627 2
pn1 332627 332632 0
pn1 332632 332636 2
pn1 332636 332644 0
pn1 332644 332648 2
pn1 332648 332647 0
pn1 332647 332651 1
pn1 332651 332653 0
pn1 332653 332657 2
pn1 332657 332659 0
pn1 332659 332663 1
pn1 332663 332662 0
pn1 332662 332666 2
pn1 332666 332665 0
pn1 332665 332669 2
pn1 332669 332680 0
pn1 332680 332684 2
pn1 332684 332698 0
pn1 332698 332702 2
pn1 332702 332713 0
pn1 332713 332717 1
pn1 332717 332722 0
pn1 332722 332726 1
pn1 332726 332740 0
pn1 332740 332744 1
pn1 332744 332743 0
pn1 332743 332747 1
pn1 332747 332746 0
pn1 332746 332750 1
pn1 332750 332752 0
pn1 332752 332756 1
pn1 332756 332765 0
pn1 332765 332769 2
pn1 332769 332776 0
pn1 332776 332780 2
pn1 332780 332797 0
pn1 332797 332801 2
pn1 332801 332812 0
pn1 332812 332816 2
pn1 332816 332815 0
pn1 332815 332819 2
pn1 332819 332830 0
pn1 332830 332834 2
pn1 332834 332838 0
pn1 332838 332842 1
pn1 332842 332842 0
pn1 332842 332846 1
pn1 332846 332848 0
pn1 332848 332852 1
pn1 332852 332850 0
pn1 332850 332854 1
pn1 332854 332854 0
pn1 332854 332858 1
pn1 332858 332857 0
pn1 332857 332861 1
pn1 332861 332860 0
pn1 332860 332864 1
pn1 332864 332866 0
pn1 332866 332870 1
pn1 332870 332872 0
pn1 332872 332876 1
pn1 332876 332884 0
pn1 332884 332888 2
pn1 332888 332905 0
pn1 332905 332909 2
pn1 332909 332907 0
pn1 332907 332911 2
pn1 332911 332908 0
pn1 332908 332912 1
pn1 332912 332914 0
pn1 332914 332918 2
pn1 332918 332917 0
pn1 332917 332921 2
pn1 332921 332929 0
pn1 332929 332933 2
pn1 332933 332932 0
pn1 332932 332936 2
pn1 332936 332935 0
pn1 332935 332939 2
pn1 332939 332938 0
pn1 332938 332942 2
pn1 332942 332940 0
pn1 332940 332944 2
pn1 332944 332941 0
pn1 332941 332945 2
pn1 332945 332944 0
pn1 332944 332948 2
pn1 332948 332956 0
pn1 332956 332960 1
pn1 332960 332959 0
pn1 332959 332963 1
pn1 332963 332965 0
pn1 332965 332969 1
pn1 332969 332971 0
pn1 332971 332975 2
pn1 332975 332972 0
pn1 332972 332976 2
pn1 332976 333004 0
pn1 333004 333008 2
pn1 333008 333007 0
pn1 333007 333011 2
pn1 333011 333011 0
pn1 333011 333015 1
pn1 333015 333013 0
pn1 333013 333017 1
pn1 333017 333014 0
pn1 333014 333018 1
pn1 333018 333019 0
pn1 333019 333023 1
pn1 333023 333020 0
pn1 333020 333024 1
pn1 333024 333031 0
pn1 333031 333035 1
pn1 333035 333037 0
pn1 333037 333041 1
pn1 333041 333040 0
pn1 333040 333044 1
pn1 333044 333043 0
pn1 333043 333047 1
pn1 333047 333044 0
pn1 333044 333048 1
pn1 333048 333055 0
pn1 333055 333059 2
pn1 333059 333058 0
pn1 333058 333062 1
pn1 333062 333072 0
pn1 333072 333076 1
pn1 333076 333073 0
pn1 333073 333077 2
pn1 333077 333081 0
pn1 333081 333085 1
pn1 333085 333154 0
pn1 333154 333158 1
pn1 333158 333280 0
pn1 333280 333284 1
pn1 333284 333343 0
pn1 333343 333347 2
pn1 333347 333355 0
pn1 333355 333359 1
pn1 333359 333356 0
pn1 333356 333360 1
pn1 333360 333367 0
pn1 333367 333371 1
pn1 333371 333370 0
pn1 333370 333374 2
pn1 333374 333391 0
pn1 333391 333395 1
pn1 333395 333394 0
pn1 333394 333398 1
pn1 333398 333409 0
pn1 333409 333413 1
pn1 333413 333415 0
pn1 333415 333419 1
pn1 333419 333433 0
pn1 333433 333437 1
pn1 333437 333436 0
pn1 333436 333440 2
pn1 333440 333439 0
pn1 333439 333443 1
pn1 333443 333447 0
pn1 333447 333451 1
pn1 333451 333453 0
pn1 333453 333457 1
pn1 333457 333481 0
pn1 333481 333485 1
pn1 333485 333493 0
pn1 333493 333497 1
pn1 333497 333499 0
pn1 333499 333503 1
pn1 333503 333538 0
pn1 333538 333542 1
pn1 333542 333586 0
pn1 333586 333590 2
pn1 333590 333735 0
pn1 333735 333739 2
pn1 333739 333790 0
pn1 333790 333794 2
pn1 333794 333994 0
pn1 333994 333998 2
pn1 333998 334105 0
pn1 334105 334109 2
pn1 334109 334122 0
pn1 334122 334126 2
pn1 334126 334134 0
pn1 334134 334138 2
pn1 334138 334241 0
pn1 334241 334245 2
pn1 334245 334262 0
pn1 334262 334266 2
pn1 334266 334314 0
pn1 334314 334318 2
pn1 334318 334370 0
pn1 334370 334374 2
pn1 334374 334397 0
pn1 334397 334401 2
pn1 334401 334430 0
pn1 334430 334434 2
pn1 334434 334439 0
pn1 334439 334443 2
pn1 334443 334501 0
pn1 334501 334505 1
pn1 334505 334553 0
pn1 334553 334557 2
pn1 334557 334637 0
pn1 334637 334641 2
pn1 334641 334682 0
pn1 334682 334686 2
pn1 334686 334769 0
pn1 334769 334773 2
pn1 334773 334950 0
pn1 334950 334954 2
pn1 334954 334970 0
pn1 334970 334974 2
pn1 334974 335006 0
pn1 335006 335010 2
pn1 335010 335012 0
pn1 335012 335016 2
pn1 335016 335017 0
pn1 335017 335021 2
pn1 335021 335018 0
pn1 335018 335022 2
pn1 335022 335021 0
pn1 335021 335025 2
pn1 335025 335033 0
pn1 335033 335037 2
pn1 335037 335054 0
pn1 335054 335058 2
pn1 335058 335084 0
pn1 335084 335088 2
pn1 335088 335102 0
pn1 335102 335106 2
pn1 335106 335147 0
pn1 335147 335151 1
pn1 335151 335150 0
pn1 335150 335154 1
pn1 335154 335153 0
pn1 335153 335157 1
pn1 335157 335189 0
pn1 335189 335193 2
pn1 335193 335197 0
pn1 335197 335201 1
pn1 335201 335229 0
pn1 335229 335233 1
pn1 335233 335235 0
pn1 335235 335239 1
pn1 335239 335237 0
pn1 335237 335241 1
pn1 335241 335238 0
pn1 335238 335242 1
pn1 335242 335240 0
pn1 335240 335244 1
pn1 335244 335252 0
pn1 335252 335256 1
pn1 335256 335255 0
pn1 335255 335259 1
pn1 335259 335277 0
pn1 335277 335281 2
pn1 335281 335285 0
pn1 335285 335289 1
pn1 335289 335301 0
pn1 335301 335305 1
pn1 335305 335304 0
pn1 335304 335308 2
pn1 335308 335463 0
pn1 335463 335467 2
pn1 335467 335619 0
pn1 335619 335623 2
pn1 335623 335815 0
pn1 335815 335819 2
pn1 335819 335821 0
pn1 335821 335825 2
pn1 335825 335827 0
pn1 335827 335831 2
pn1 335831 335830 0
pn1 335830 335834 2
pn1 335834 335833 0
pn1 335833 335837 2
pn1 335837 335836 0
pn1 335836 335840 2
pn1 335840 335842 0
pn1 335842 335846 2
pn1 335846 335843 0
pn1 335843 335847 2
pn1 335847 335849 0
pn1 335849 335853 2
pn1 335853 335878 0
pn1 335878 335882 2
pn1 335882 335884 0
pn1 335884 335888 2
pn1 335888 335926 0
pn1 335926 335930 2
pn1 335930 335953 0
pn1 335953 335957 2
pn1 335957 335956 0
pn1 335956 335960 2
pn1 335960 335993 0
pn1 335993 335997 2
pn1 335997 335995 0
pn1 335995 335999 2
pn1 335999 336010 0
pn1 336010 336014 2
pn1 336014 336040 0
pn1 336040 336044 2
pn1 336044 336055 0
pn1 336055 336059 2
pn1 336059 336067 0
pn1 336067 336071 2
pn1 336071 336079 0
pn1 336079 336083 2
pn1 336083 336082 0
pn1 336082 336086 2
pn1 336086 336106 0
pn1 336106 336110 2
pn1 336110 336253 0
pn1 336253 336257 2
pn1 336257 336256 0
pn1 336256 336260 2
pn1 336260 336316 0
pn1 336316 336320 2
pn1 336320 336322 0
pn1 336322 336326 2
pn1 336326 336403 0
pn1 336403 336407 2
pn1 336407 336409 0
pn1 336409 336413 2
pn1 336413 336412 0
pn1 336412 336416 2
pn1 336416 336422 0
pn1 336422 336426 2
pn1 336426 336433 0
pn1 336433 336437 2
pn1 336437 336436 0
pn1 336436 336440 2
pn1 336440 336448 0
pn1 336448 336452 2
pn1 336452 336451 0
pn1 336451 336455 2
pn1 336455 336457 0
pn1 336457 336461 2
pn1 336461 336472 0
pn1 336472 336476 2
pn1 336476 336476 0
pn1 336476 336480 2
pn1 336480 336496 0
pn1 336496 336500 2
pn1 336500 336505 0
pn1 336505 336509 2
pn1 336509 336538 0
pn1 336538 336542 2
pn1 336542 336541 0
pn1 336541 336545 2
pn1 336545 336550 0
pn1 336550 336554 2
pn1 336554 336574 0
pn1 336574 336578 2
pn1 336578 336601 0
pn1 336601 336605 2
pn1 336605 336664 0
pn1 336664 336668 2
pn1 336668 336673 0
pn1 336673 336677 2
pn1 336677 336679 0
pn1 336679 336683 2
pn1 336683 336706 0
pn1 336706 336710 2
pn1 336710 336715 0
pn1 336715 336719 2
pn1 336719 336733 0
pn1 336733 336737 2
pn1 336737 336772 0
pn1 336772 336776 2
pn1 336776 336814 0
pn1 336814 336818 2
pn1 336818 336886 0
pn1 336886 336890 2
pn1 336890 336910 0
pn1 336910 336914 2
pn1 336914 337102 0
pn1 337102 337106 2
pn1 337106 337113 0
pn1 337113 337117 2
pn1 337117 337123 0
pn1 337123 337127 2
pn1 337127 337126 0
pn1 337126 337130 2
pn1 337130 337129 0
pn1 337129 337133 2
pn1 337133 337168 0
pn1 337168 337172 2
pn1 337172 337222 0
pn1 337222 337226 2
pn1 337226 337223 0
pn1 337223 337227 2
pn1 337227 337236 0
pn1 337236 337240 2
pn1 337240 337272 0
pn1 337272 337276 2
pn1 337276 337288 0
pn1 337288 337292 2
pn1 337292 337324 0
pn1 337324 337328 2
pn1 337328 337387 0
pn1 337387 337391 2
pn1 337391 337393 0
pn1 337393 337397 2
pn1 337397 337424 0
pn1 337424 337428 2
pn1 337428 337429 0
pn1 337429 337433 2
pn1 337433 337434 0
pn1 337434 337438 2
pn1 337438 337453 0
pn1 337453 337457 2
pn1 337457 337459 0
pn1 337459 337463 2
pn1 337463 337483 0
pn1 337483 337487 2
pn1 337487 337493 0
pn1 337493 337497 2
pn1 337497 337494 0
pn1 337494 337498 2
pn1 337498 337498 0
pn1 337498 337502 2
pn1 337502 337576 0
pn1 337576 337580 2
pn1 337580 337582 0
pn1 337582 337586 2
pn1 337586 337591 0
pn1 337591 337595 2
pn1 337595 337594 0
pn1 337594 337598 2
pn1 337598 337633 0
pn1 337633 337637 2
pn1 337637 337645 0
pn1 337645 337649 2
pn1 337649 337660 0
pn1 337660 337664 2
pn1 337664 337663 0
pn1 337663 337667 2
pn1 337667 337876 0
pn1 337876 337880 2
pn1 337880 337930 0
pn1 337930 337934 1
pn1 337934 337973 0
pn1 337973 337977 1
pn1 337977 337977 0
pn1 337977 337981 1
pn1 337981 337978 0
pn1 337978 337982 1
pn1 337982 338032 0
pn1 338032 338036 2
pn1 338036 338035 0
pn1 338035 338039 2
pn1 338039 338107 0
pn1 338107 338111 2
pn1 338111 338506 0
pn1 338506 338510 2
pn1 338510 338539 0
pn1 338539 338543 2
pn1 338543 339220 0
pn1 339220 339224 2
pn1 339224 339247 0
pn1 339247 339251 2
pn1 339251 339262 0
pn1 339262 339266 2
pn1 339266 340185 0
pn1 340185 340189 2
pn1 340189 340194 0
pn1 340194 340198 2
pn1 340198 340197 0
pn1 340197 340201 2
pn1 340201 340200 0
pn1 340200 340204 2
pn1 340204 340221 0
pn1 340221 340225 2
pn1 340225 340329 0
pn1 340329 340333 2
pn1 340333 492822 0
pn1 492822 492826 2
pn1 492826 553982 0
pn1 553982 553986 2
pn1 553986 554018 0
pn1 554018 554022 1
pn1 554022 670548 0
pn1 670548 670552 1
pn1 670552 852200 0
pn1 852200 852204 1
pn1 852204 1196060 0
pn1 1196060 1196064 1
pn1 1196064 1613252 0
pn1 1613252 1613256 1
pn1 1613256 1613377 0
pn1 1613377 1613381 1
pn1 1613381 1613768 0
pn1 1613768 1613772 2
pn1 1613772 1976435 0
pn1 1976435 1976439 2
pn1 1976439 2221315 0
