pn1 1 44832 0
pn1 44836 94803 0
pn1 94803 94807 2
pn1 94807 94890 0
pn1 94890 94894 2
pn1 94894 96248 0
pn1 96248 96252 1
pn1 96252 96252 0
pn1 96252 96256 2
pn1 96256 96256 0
pn1 96256 96260 2
pn1 96260 96268 0
pn1 96268 96272 2
pn1 96272 96273 0
pn1 96273 96277 2
pn1 96277 96285 0
pn1 96285 96289 2
pn1 96289 96788 0
pn1 96788 96792 2
pn1 96792 97301 0
pn1 97301 97305 2
pn1 97305 100037 0
pn1 100037 100041 2
pn1 100041 100054 0
pn1 100054 100058 2
pn1 100058 155755 0
pn1 155755 155759 2
pn1 155759 155761 0
pn1 155761 155765 2
pn1 155765 179558 0
pn1 179558 179562 2
pn1 179562 182251 0
pn1 182251 182255 2
pn1 182255 182386 0
pn1 182386 182390 2
pn1 182390 182633 0
pn1 182633 182637 1
pn1 182637 223683 0
pn1 223683 223687 2
pn1 223687 275733 0
pn1 275733 275737 1
pn1 275737 276837 0
pn1 276837 276841 1
pn1 276841 292633 0
pn1 292633 292637 2
pn1 292637 292666 0
pn1 292666 292670 1
pn1 292670 292672 0
pn1 292672 292676 2
pn1 292676 292675 0
pn1 292675 292679 1
pn1 292679 292753 0
pn1 292753 292757 2
pn1 292757 292756 0
pn1 292756 292760 2
pn1 292760 292762 0
pn1 292762 292766 2
pn1 292766 292765 0
pn1 292765 292769 2
pn1 292769 292768 0
pn1 292768 292772 2
pn1 292772 292771 0
pn1 292771 292775 2
pn1 292775 292796 0
pn1 292796 292800 2
pn1 292800 292801 0
pn1 292801 292805 1
pn1 292805 292807 0
pn1 292807 292811 1
pn1 292811 292810 0
pn1 292810 292814 2
pn1 292814 292816 0
pn1 292816 292820 1
pn1 292820 292846 0
pn1 292846 292850 1
pn1 292850 292877 0
pn1 292877 292881 1
pn1 292881 292895 0
pn1 292895 292899 2
pn1 292899 292897 0
pn1 292897 292901 2
pn1 292901 292901 0
pn1 292901 292905 2
pn1 292905 292904 0
pn1 292904 292908 2
pn1 292908 292912 0
pn1 292912 292916 1
pn1 292916 292915 0
pn1 292915 292919 1
pn1 292919 292924 0
pn1 292924 292928 1
pn1 292928 292928 0
pn1 292928 292932 1
pn1 292932 292930 0
pn1 292930 292934 2
pn1 292934 292937 0
pn1 292937 292941 1
pn1 292941 292938 0
pn1 292938 292942 1
pn1 292942 292939 0
pn1 292939 292943 1
pn1 292943 292948 0
pn1 292948 292952 1
pn1 292952 292957 0
pn1 292957 292961 2
pn1 292961 292971 0
pn1 292971 292975 2
pn1 292975 292977 0
pn1 292977 292981 2
pn1 292981 292999 0
pn1 292999 293003 2
pn1 293003 293008 0
pn1 293008 293012 2
pn1 293012 293015 0
pn1 293015 293019 2
pn1 293019 293031 0
pn1 293031 293035 2
pn1 293035 293046 0
pn1 293046 293050 2
pn1 293050 293064 0
pn1 293064 293068 2
pn1 293068 293067 0
pn1 293067 293071 1
pn1 293071 293068 0
pn1 293068 293072 1
pn1 293072 293071 0
pn1 293071 293075 2
pn1 293075 293077 0
pn1 293077 293081 1
pn1 293081 293083 0
pn1 293083 293087 2
pn1 293087 293093 0
pn1 293093 293097 2
pn1 293097 293098 0
pn1 293098 293102 2
pn1 293102 293102 0
pn1 293102 293106 2
pn1 293106 293104 0
pn1 293104 293108 2
pn1 293108 293111 0
pn1 293111 293115 1
pn1 293115 293113 0
pn1 293113 293117 2
pn1 293117 293116 0
pn1 293116 293120 2
pn1 293120 293119 0
pn1 293119 293123 2
pn1 293123 293131 0
pn1 293131 293135 2
pn1 293135 293134 0
pn1 293134 293138 2
pn1 293138 293137 0
pn1 293137 293141 2
pn1 293141 293143 0
pn1 293143 293147 2
pn1 293147 293149 0
pn1 293149 293153 2
pn1 293153 293155 0
pn1 293155 293159 2
pn1 293159 293161 0
pn1 293161 293165 2
pn1 293165 293164 0
pn1 293164 293168 2
pn1 293168 293179 0
pn1 293179 293183 1
pn1 293183 293197 0
pn1 293197 293201 1
pn1 293201 293224 0
pn1 293224 293228 1
pn1 293228 293341 0
pn1 293341 293345 1
pn1 293345 293347 0
pn1 293347 293351 1
pn1 293351 293356 0
pn1 293356 293360 1
pn1 293360 293359 0
pn1 293359 293363 1
pn1 293363 293393 0
pn1 293393 293397 1
pn1 293397 293413 0
pn1 293413 293417 1
pn1 293417 293456 0
pn1 293456 293460 1
pn1 293460 293458 0
pn1 293458 293462 1
pn1 293462 293545 0
pn1 293545 293549 1
pn1 293549 293635 0
pn1 293635 293639 1
pn1 293639 293644 0
pn1 293644 293648 1
pn1 293648 293679 0
pn1 293679 293683 1
pn1 293683 293683 0
pn1 293683 293687 1
pn1 293687 293734 0
pn1 293734 293738 2
pn1 293738 293737 0
pn1 293737 293741 2
pn1 293741 293740 0
pn1 293740 293744 2
pn1 293744 293749 0
pn1 293749 293753 1
pn1 293753 293750 0
pn1 293750 293754 2
pn1 293754 293755 0
pn1 293755 293759 2
pn1 293759 293758 0
pn1 293758 293762 1
pn1 293762 293764 0
pn1 293764 293768 2
pn1 293768 293794 0
pn1 293794 293798 1
pn1 293798 293806 0
pn1 293806 293810 1
pn1 293810 293809 0
pn1 293809 293813 1
pn1 293813 294131 0
pn1 294131 294135 2
pn1 294135 294134 0
pn1 294134 294138 2
pn1 294138 294281 0
pn1 294281 294285 1
pn1 294285 294293 0
pn1 294293 294297 1
pn1 294297 294300 0
pn1 294300 294304 2
pn1 294304 294308 0
pn1 294308 294312 1
pn1 294312 294320 0
pn1 294320 294324 2
pn1 294324 294321 0
pn1 294321 294325 2
pn1 294325 294323 0
pn1 294323 294327 2
pn1 294327 294333 0
pn1 294333 294337 2
pn1 294337 294335 0
pn1 294335 294339 2
pn1 294339 294374 0
pn1 294374 294378 1
pn1 294378 294377 0
pn1 294377 294381 1
pn1 294381 295750 0
pn1 295750 295754 2
pn1 295754 296341 0
pn1 296341 296345 2
pn1 296345 296395 0
pn1 296395 296399 2
pn1 296399 296677 0
pn1 296677 296681 2
pn1 296681 297844 0
pn1 297844 297848 1
pn1 297848 298847 0
pn1 298847 298851 2
pn1 298851 298895 0
pn1 298895 298899 2
pn1 298899 298919 0
pn1 298919 298923 2
pn1 298923 298943 0
pn1 298943 298947 2
pn1 298947 298988 0
pn1 298988 298992 2
pn1 298992 299355 0
pn1 299355 299359 2
pn1 299359 299520 0
pn1 299520 299524 2
pn1 299524 300276 0
pn1 300276 300280 2
pn1 300280 300336 0
pn1 300336 300340 2
pn1 300340 300399 0
pn1 300399 300403 2
pn1 300403 300495 0
pn1 300495 300499 2
pn1 300499 301285 0
pn1 301285 301289 2
pn1 301289 301288 0
pn1 301288 301292 2
pn1 301292 301441 0
pn1 301441 301445 2
pn1 301445 301540 0
pn1 301540 301544 2
pn1 301544 301588 0
pn1 301588 301592 2
pn1 301592 301666 0
pn1 301666 301670 2
pn1 301670 301804 0
pn1 301804 301808 2
pn1 301808 301822 0
pn1 301822 301826 2
pn1 301826 302107 0
pn1 302107 302111 2
pn1 302111 302128 0
pn1 302128 302132 2
pn1 302132 302572 0
pn1 302572 302576 1
pn1 302576 302573 0
pn1 302573 302577 1
pn1 302577 302574 0
pn1 302574 302578 1
pn1 302578 302576 0
pn1 302576 302580 1
pn1 302580 302692 0
pn1 302692 302696 1
pn1 302696 302785 0
pn1 302785 302789 1
pn1 302789 302796 0
pn1 302796 302800 1
pn1 302800 303637 0
pn1 303637 303641 1
pn1 303641 303673 0
pn1 303673 303677 1
pn1 303677 303680 0
pn1 303680 303684 1
pn1 303684 304726 0
pn1 304726 304730 2
pn1 304730 304729 0
pn1 304729 304733 2
pn1 304733 304731 0
pn1 304731 304735 2
pn1 304735 304737 0
pn1 304737 304741 2
pn1 304741 304738 0
pn1 304738 304742 2
pn1 304742 304751 0
pn1 304751 304755 2
pn1 304755 304753 0
pn1 304753 304757 2
pn1 304757 304755 0
pn1 304755 304759 2
pn1 304759 304756 0
pn1 304756 304760 2
pn1 304760 304763 0
pn1 304763 304767 2
pn1 304767 304775 0
pn1 304775 304779 1
pn1 304779 304819 0
pn1 304819 304823 1
pn1 304823 304834 0
pn1 304834 304838 1
pn1 304838 305083 0
pn1 305083 305087 1
pn1 305087 305460 0
pn1 305460 305464 1
pn1 305464 305921 0
pn1 305921 305925 1
pn1 305925 306096 0
pn1 306096 306100 1
pn1 306100 323744 0
pn1 323744 323748 2
pn1 323748 323774 0
pn1 323774 323778 2
pn1 323778 323791 0
pn1 323791 323795 2
pn1 323795 323796 0
pn1 323796 323800 2
pn1 323800 323801 0
pn1 323801 323805 1
pn1 323805 323810 0
pn1 323810 323814 2
pn1 323814 323813 0
pn1 323813 323817 2
pn1 323817 323816 0
pn1 323816 323820 2
pn1 323820 323840 0
pn1 323840 323844 1
pn1 323844 323864 0
pn1 323864 323868 2
pn1 323868 323872 0
pn1 323872 323876 2
pn1 323876 323881 0
pn1 323881 323885 2
pn1 323885 323891 0
pn1 323891 323895 2
pn1 323895 323905 0
pn1 323905 323909 1
pn1 323909 324082 0
pn1 324082 324086 2
pn1 324086 324116 0
pn1 324116 324120 1
pn1 324120 324118 0
pn1 324118 324122 2
pn1 324122 324147 0
pn1 324147 324151 2
pn1 324151 324209 0
pn1 324209 324213 1
pn1 324213 324210 0
pn1 324210 324214 1
pn1 324214 324217 0
pn1 324217 324221 1
pn1 324221 324232 0
pn1 324232 324236 2
pn1 324236 324239 0
pn1 324239 324243 2
pn1 324243 324265 0
pn1 324265 324269 1
pn1 324269 324267 0
pn1 324267 324271 2
pn1 324271 324353 0
pn1 324353 324357 2
pn1 324357 324428 0
pn1 324428 324432 1
pn1 324432 324545 0
pn1 324545 324549 2
pn1 324549 324563 0
pn1 324563 324567 2
pn1 324567 324650 0
pn1 324650 324654 2
pn1 324654 324659 0
pn1 324659 324663 2
pn1 324663 324668 0
pn1 324668 324672 2
pn1 324672 324682 0
pn1 324682 324686 2
pn1 324686 324695 0
pn1 324695 324699 2
pn1 324699 324698 0
pn1 324698 324702 2
pn1 324702 324740 0
pn1 324740 324744 2
pn1 324744 324746 0
pn1 324746 324750 2
pn1 324750 324756 0
pn1 324756 324760 2
pn1 324760 324761 0
pn1 324761 324765 2
pn1 324765 324932 0
pn1 324932 324936 2
pn1 324936 324947 0
pn1 324947 324951 2
pn1 324951 324992 0
pn1 324992 324996 2
pn1 324996 325028 0
pn1 325028 325032 2
pn1 325032 325037 0
pn1 325037 325041 2
pn1 325041 325043 0
pn1 325043 325047 2
pn1 325047 325067 0
pn1 325067 325071 2
pn1 325071 325070 0
pn1 325070 325074 2
pn1 325074 325071 0
pn1 325071 325075 2
pn1 325075 325072 0
pn1 325072 325076 2
pn1 325076 325127 0
pn1 325127 325131 2
pn1 325131 325130 0
pn1 325130 325134 2
pn1 325134 325170 0
pn1 325170 325174 1
pn1 325174 325215 0
pn1 325215 325219 1
pn1 325219 325220 0
pn1 325220 325224 1
pn1 325224 325229 0
pn1 325229 325233 1
pn1 325233 325232 0
pn1 325232 325236 1
pn1 325236 325367 0
pn1 325367 325371 1
pn1 325371 325439 0
pn1 325439 325443 1
pn1 325443 325517 0
pn1 325517 325521 2
pn1 325521 325619 0
pn1 325619 325623 1
pn1 325623 325638 0
pn1 325638 325642 2
pn1 325642 325640 0
pn1 325640 325644 2
pn1 325644 325644 0
pn1 325644 325648 2
pn1 325648 325661 0
pn1 325661 325665 2
pn1 325665 325666 0
pn1 325666 325670 2
pn1 325670 325688 0
pn1 325688 325692 2
pn1 325692 325727 0
pn1 325727 325731 2
pn1 325731 325728 0
pn1 325728 325732 2
pn1 325732 325730 0
pn1 325730 325734 2
pn1 325734 325739 0
pn1 325739 325743 2
pn1 325743 325742 0
pn1 325742 325746 1
pn1 325746 325775 0
pn1 325775 325779 2
pn1 325779 325795 0
pn1 325795 325799 2
pn1 325799 325847 0
pn1 325847 325851 2
pn1 325851 325848 0
pn1 325848 325852 2
pn1 325852 325849 0
pn1 325849 325853 2
pn1 325853 325853 0
pn1 325853 325857 2
pn1 325857 325862 0
pn1 325862 325866 2
pn1 325866 325865 0
pn1 325865 325869 1
pn1 325869 325913 0
pn1 325913 325917 1
pn1 325917 325924 0
pn1 325924 325928 2
pn1 325928 325929 0
pn1 325929 325933 2
pn1 325933 325934 0
pn1 325934 325938 2
pn1 325938 325938 0
pn1 325938 325942 1
pn1 325942 325951 0
pn1 325951 325955 2
pn1 325955 325952 0
pn1 325952 325956 1
pn1 325956 325954 0
pn1 325954 325958 1
pn1 325958 325956 0
pn1 325956 325960 1
pn1 325960 325964 0
pn1 325964 325968 1
pn1 325968 325965 0
pn1 325965 325969 1
pn1 325969 325968 0
pn1 325968 325972 1
pn1 325972 325969 0
pn1 325969 325973 1
pn1 325973 325970 0
pn1 325970 325974 1
pn1 325974 325971 0
pn1 325971 325975 2
pn1 325975 325974 0
pn1 325974 325978 1
pn1 325978 325981 0
pn1 325981 325985 1
pn1 325985 325983 0
pn1 325983 325987 1
pn1 325987 325988 0
pn1 325988 325992 2
pn1 325992 326018 0
pn1 326018 326022 2
pn1 326022 326024 0
pn1 326024 326028 1
pn1 326028 326030 0
pn1 326030 326034 2
pn1 326034 326035 0
pn1 326035 326039 2
pn1 326039 326145 0
pn1 326145 326149 2
pn1 326149 326158 0
pn1 326158 326162 2
pn1 326162 326162 0
pn1 326162 326166 1
pn1 326166 326183 0
pn1 326183 326187 1
pn1 326187 326204 0
pn1 326204 326208 2
pn1 326208 326239 0
pn1 326239 326243 1
pn1 326243 326250 0
pn1 326250 326254 1
pn1 326254 326269 0
pn1 326269 326273 1
pn1 326273 326281 0
pn1 326281 326285 2
pn1 326285 326306 0
pn1 326306 326310 2
pn1 326310 326314 0
pn1 326314 326318 1
pn1 326318 326320 0
pn1 326320 326324 1
pn1 326324 326358 0
pn1 326358 326362 1
pn1 326362 326389 0
pn1 326389 326393 2
pn1 326393 326403 0
pn1 326403 326407 1
pn1 326407 326411 0
pn1 326411 326415 2
pn1 326415 326413 0
pn1 326413 326417 2
pn1 326417 326438 0
pn1 326438 326442 2
pn1 326442 326442 0
pn1 326442 326446 1
pn1 326446 326446 0
pn1 326446 326450 2
pn1 326450 326450 0
pn1 326450 326454 2
pn1 326454 326456 0
pn1 326456 326460 2
pn1 326460 326494 0
pn1 326494 326498 2
pn1 326498 326508 0
pn1 326508 326512 2
pn1 326512 326513 0
pn1 326513 326517 1
pn1 326517 326549 0
pn1 326549 326553 2
pn1 326553 326567 0
pn1 326567 326571 2
pn1 326571 326618 0
pn1 326618 326622 2
pn1 326622 326654 0
pn1 326654 326658 2
pn1 326658 326671 0
pn1 326671 326675 2
pn1 326675 326675 0
pn1 326675 326679 2
pn1 326679 326678 0
pn1 326678 326682 2
pn1 326682 326682 0
pn1 326682 326686 1
pn1 326686 326708 0
pn1 326708 326712 2
pn1 326712 326807 0
pn1 326807 326811 1
pn1 326811 326819 0
pn1 326819 326823 2
pn1 326823 326822 0
pn1 326822 326826 2
pn1 326826 326825 0
pn1 326825 326829 2
pn1 326829 326828 0
pn1 326828 326832 2
pn1 326832 326840 0
pn1 326840 326844 2
pn1 326844 326843 0
pn1 326843 326847 2
pn1 326847 326851 0
pn1 326851 326855 1
pn1 326855 326863 0
pn1 326863 326867 1
pn1 326867 326870 0
pn1 326870 326874 1
pn1 326874 326873 0
pn1 326873 326877 1
pn1 326877 326876 0
pn1 326876 326880 1
pn1 326880 326878 0
pn1 326878 326882 1
pn1 326882 326879 0
pn1 326879 326883 1
pn1 326883 326891 0
pn1 326891 326895 1
pn1 326895 326892 0
pn1 326892 326896 1
pn1 326896 326915 0
pn1 326915 326919 2
pn1 326919 326916 0
pn1 326916 326920 2
pn1 326920 327056 0
pn1 327056 327060 2
pn1 327060 327062 0
pn1 327062 327066 2
pn1 327066 327072 0
pn1 327072 327076 2
pn1 327076 327073 0
pn1 327073 327077 2
pn1 327077 327074 0
pn1 327074 327078 2
pn1 327078 327080 0
pn1 327080 327084 2
pn1 327084 327086 0
pn1 327086 327090 2
pn1 327090 327096 0
pn1 327096 327100 1
pn1 327100 327097 0
pn1 327097 327101 2
pn1 327101 327121 0
pn1 327121 327125 2
pn1 327125 327128 0
pn1 327128 327132 2
pn1 327132 327131 0
pn1 327131 327135 2
pn1 327135 327149 0
pn1 327149 327153 2
pn1 327153 327203 0
pn1 327203 327207 1
pn1 327207 327222 0
pn1 327222 327226 1
pn1 327226 327248 0
pn1 327248 327252 2
pn1 327252 327294 0
pn1 327294 327298 2
pn1 327298 327305 0
pn1 327305 327309 1
pn1 327309 327320 0
pn1 327320 327324 2
pn1 327324 327325 0
pn1 327325 327329 1
pn1 327329 327332 0
pn1 327332 327336 1
pn1 327336 327374 0
pn1 327374 327378 2
pn1 327378 327386 0
pn1 327386 327390 1
pn1 327390 327441 0
pn1 327441 327445 1
pn1 327445 327452 0
pn1 327452 327456 2
pn1 327456 327473 0
pn1 327473 327477 1
pn1 327477 327477 0
pn1 327477 327481 1
pn1 327481 327497 0
pn1 327497 327501 1
pn1 327501 327521 0
pn1 327521 327525 2
pn1 327525 327533 0
pn1 327533 327537 2
pn1 327537 327536 0
pn1 327536 327540 2
pn1 327540 327537 0
pn1 327537 327541 2
pn1 327541 327539 0
pn1 327539 327543 2
pn1 327543 327542 0
pn1 327542 327546 2
pn1 327546 327611 0
pn1 327611 327615 2
pn1 327615 327652 0
pn1 327652 327656 2
pn1 327656 327664 0
pn1 327664 327668 2
pn1 327668 327671 0
pn1 327671 327675 2
pn1 327675 327731 0
pn1 327731 327735 2
pn1 327735 327733 0
pn1 327733 327737 1
pn1 327737 327764 0
pn1 327764 327768 2
pn1 327768 327767 0
pn1 327767 327771 2
pn1 327771 327809 0
pn1 327809 327813 2
pn1 327813 327812 0
pn1 327812 327816 2
pn1 327816 327820 0
pn1 327820 327824 1
pn1 327824 327854 0
pn1 327854 327858 1
pn1 327858 327857 0
pn1 327857 327861 2
pn1 327861 327932 0
pn1 327932 327936 2
pn1 327936 327977 0
pn1 327977 327981 2
pn1 327981 328022 0
pn1 328022 328026 2
pn1 328026 328031 0
pn1 328031 328035 2
pn1 328035 328095 0
pn1 328095 328099 1
pn1 328099 328142 0
pn1 328142 328146 2
pn1 328146 328178 0
pn1 328178 328182 2
pn1 328182 328217 0
pn1 328217 328221 2
pn1 328221 328285 0
pn1 328285 328289 2
pn1 328289 328294 0
pn1 328294 328298 1
pn1 328298 328334 0
pn1 328334 328338 1
pn1 328338 328401 0
pn1 328401 328405 1
pn1 328405 328409 0
pn1 328409 328413 1
pn1 328413 328505 0
pn1 328505 328509 2
pn1 328509 328517 0
pn1 328517 328521 1
pn1 328521 328539 0
pn1 328539 328543 1
pn1 328543 328547 0
pn1 328547 328551 2
pn1 328551 328556 0
pn1 328556 328560 2
pn1 328560 328657 0
pn1 328657 328661 1
pn1 328661 328668 0
pn1 328668 328672 1
pn1 328672 328670 0
pn1 328670 328674 1
pn1 328674 328673 0
pn1 328673 328677 1
pn1 328677 328676 0
pn1 328676 328680 2
pn1 328680 328688 0
pn1 328688 328692 2
pn1 328692 328691 0
pn1 328691 328695 2
pn1 328695 328694 0
pn1 328694 328698 2
pn1 328698 328698 0
pn1 328698 328702 2
pn1 328702 328700 0
pn1 328700 328704 2
pn1 328704 328706 0
pn1 328706 328710 2
pn1 328710 328712 0
pn1 328712 328716 2
pn1 328716 328721 0
pn1 328721 328725 2
pn1 328725 328727 0
pn1 328727 328731 2
pn1 328731 328748 0
pn1 328748 328752 2
pn1 328752 328772 0
pn1 328772 328776 2
pn1 328776 328773 0
pn1 328773 328777 1
pn1 328777 328781 0
pn1 328781 328785 2
pn1 328785 328782 0
pn1 328782 328786 2
pn1 328786 328792 0
pn1 328792 328796 2
pn1 328796 328795 0
pn1 328795 328799 1
pn1 328799 328826 0
pn1 328826 328830 2
pn1 328830 328836 0
pn1 328836 328840 2
pn1 328840 328839 0
pn1 328839 328843 2
pn1 328843 328855 0
pn1 328855 328859 1
pn1 328859 328886 0
pn1 328886 328890 2
pn1 328890 328891 0
pn1 328891 328895 2
pn1 328895 328895 0
pn1 328895 328899 2
pn1 328899 328898 0
pn1 328898 328902 2
pn1 328902 328899 0
pn1 328899 328903 2
pn1 328903 328928 0
pn1 328928 328932 2
pn1 328932 328931 0
pn1 328931 328935 2
pn1 328935 328986 0
pn1 328986 328990 1
pn1 328990 328997 0
pn1 328997 329001 2
pn1 329001 329006 0
pn1 329006 329010 2
pn1 329010 329030 0
pn1 329030 329034 2
pn1 329034 329034 0
pn1 329034 329038 2
pn1 329038 329057 0
pn1 329057 329061 2
pn1 329061 329058 0
pn1 329058 329062 1
pn1 329062 329067 0
pn1 329067 329071 2
pn1 329071 329120 0
pn1 329120 329124 2
pn1 329124 329124 0
pn1 329124 329128 1
pn1 329128 329127 0
pn1 329127 329131 2
pn1 329131 329163 0
pn1 329163 329167 1
pn1 329167 329177 0
pn1 329177 329181 2
pn1 329181 329180 0
pn1 329180 329184 2
pn1 329184 329183 0
pn1 329183 329187 2
pn1 329187 329186 0
pn1 329186 329190 2
pn1 329190 329192 0
pn1 329192 329196 2
pn1 329196 329201 0
pn1 329201 329205 2
pn1 329205 329209 0
pn1 329209 329213 1
pn1 329213 329222 0
pn1 329222 329226 2
pn1 329226 329227 0
pn1 329227 329231 1
pn1 329231 329243 0
pn1 329243 329247 2
pn1 329247 329255 0
pn1 329255 329259 2
pn1 329259 329258 0
pn1 329258 329262 2
pn1 329262 329261 0
pn1 329261 329265 2
pn1 329265 329264 0
pn1 329264 329268 2
pn1 329268 329273 0
pn1 329273 329277 2
pn1 329277 329285 0
pn1 329285 329289 2
pn1 329289 329288 0
pn1 329288 329292 2
pn1 329292 329390 0
pn1 329390 329394 2
pn1 329394 329405 0
pn1 329405 329409 2
pn1 329409 329407 0
pn1 329407 329411 2
pn1 329411 329423 0
pn1 329423 329427 2
pn1 329427 329429 0
pn1 329429 329433 2
pn1 329433 329453 0
pn1 329453 329457 2
pn1 329457 329461 0
pn1 329461 329465 2
pn1 329465 329468 0
pn1 329468 329472 2
pn1 329472 329519 0
pn1 329519 329523 2
pn1 329523 329531 0
pn1 329531 329535 2
pn1 329535 329534 0
pn1 329534 329538 1
pn1 329538 329537 0
pn1 329537 329541 1
pn1 329541 329553 0
pn1 329553 329557 2
pn1 329557 329555 0
pn1 329555 329559 2
pn1 329559 329571 0
pn1 329571 329575 2
pn1 329575 329582 0
pn1 329582 329586 1
pn1 329586 329612 0
pn1 329612 329616 2
pn1 329616 329624 0
pn1 329624 329628 2
pn1 329628 329639 0
pn1 329639 329643 2
pn1 329643 329642 0
pn1 329642 329646 2
pn1 329646 329645 0
pn1 329645 329649 2
pn1 329649 329651 0
pn1 329651 329655 2
pn1 329655 329658 0
pn1 329658 329662 2
pn1 329662 329664 0
pn1 329664 329668 2
pn1 329668 329717 0
pn1 329717 329721 2
pn1 329721 329723 0
pn1 329723 329727 2
pn1 329727 329726 0
pn1 329726 329730 2
pn1 329730 329734 0
pn1 329734 329738 1
pn1 329738 329739 0
pn1 329739 329743 2
pn1 329743 329744 0
pn1 329744 329748 2
pn1 329748 329747 0
pn1 329747 329751 1
pn1 329751 329753 0
pn1 329753 329757 2
pn1 329757 329792 0
pn1 329792 329796 2
pn1 329796 329816 0
pn1 329816 329820 2
pn1 329820 329822 0
pn1 329822 329826 2
pn1 329826 329828 0
pn1 329828 329832 2
pn1 329832 329834 0
pn1 329834 329838 1
pn1 329838 329846 0
pn1 329846 329850 2
pn1 329850 329849 0
pn1 329849 329853 2
pn1 329853 329850 0
pn1 329850 329854 1
pn1 329854 329876 0
pn1 329876 329880 2
pn1 329880 329888 0
pn1 329888 329892 2
pn1 329892 329897 0
pn1 329897 329901 2
pn1 329901 329903 0
pn1 329903 329907 2
pn1 329907 329923 0
pn1 329923 329927 1
pn1 329927 329924 0
pn1 329924 329928 2
pn1 329928 329933 0
pn1 329933 329937 2
pn1 329937 329936 0
pn1 329936 329940 2
pn1 329940 329963 0
pn1 329963 329967 2
pn1 329967 329966 0
pn1 329966 329970 2
pn1 329970 329969 0
pn1 329969 329973 2
pn1 329973 329978 0
pn1 329978 329982 2
pn1 329982 329981 0
pn1 329981 329985 2
pn1 329985 329990 0
pn1 329990 329994 2
pn1 329994 330029 0
pn1 330029 330033 1
pn1 330033 330041 0
pn1 330041 330045 2
pn1 330045 330066 0
pn1 330066 330070 2
pn1 330070 330089 0
pn1 330089 330093 2
pn1 330093 330107 0
pn1 330107 330111 2
pn1 330111 330143 0
pn1 330143 330147 2
pn1 330147 330152 0
pn1 330152 330156 1
pn1 330156 330160 0
pn1 330160 330164 2
pn1 330164 330164 0
pn1 330164 330168 2
pn1 330168 330170 0
pn1 330170 330174 2
pn1 330174 330175 0
pn1 330175 330179 2
pn1 330179 330221 0
pn1 330221 330225 2
pn1 330225 330378 0
pn1 330378 330382 2
pn1 330382 330418 0
pn1 330418 330422 1
pn1 330422 330429 0
pn1 330429 330433 1
pn1 330433 330439 0
pn1 330439 330443 1
pn1 330443 330482 0
pn1 330482 330486 2
pn1 330486 330492 0
pn1 330492 330496 2
pn1 330496 330494 0
pn1 330494 330498 2
pn1 330498 330509 0
pn1 330509 330513 1
pn1 330513 330662 0
pn1 330662 330666 1
pn1 330666 330667 0
pn1 330667 330671 2
pn1 330671 330668 0
pn1 330668 330672 1
pn1 330672 330678 0
pn1 330678 330682 2
pn1 330682 330692 0
pn1 330692 330696 1
pn1 330696 330701 0
pn1 330701 330705 1
pn1 330705 330704 0
pn1 330704 330708 2
pn1 330708 330705 0
pn1 330705 330709 2
pn1 330709 330710 0
pn1 330710 330714 1
pn1 330714 330716 0
pn1 330716 330720 2
pn1 330720 330719 0
pn1 330719 330723 2
pn1 330723 330724 0
pn1 330724 330728 1
pn1 330728 330740 0
pn1 330740 330744 2
pn1 330744 330807 0
pn1 330807 330811 2
pn1 330811 330815 0
pn1 330815 330819 2
pn1 330819 330818 0
pn1 330818 330822 2
pn1 330822 330833 0
pn1 330833 330837 2
pn1 330837 330844 0
pn1 330844 330848 2
pn1 330848 330853 0
pn1 330853 330857 2
pn1 330857 330880 0
pn1 330880 330884 1
pn1 330884 330905 0
pn1 330905 330909 2
pn1 330909 330926 0
pn1 330926 330930 2
pn1 330930 330983 0
pn1 330983 330987 2
pn1 330987 330985 0
pn1 330985 330989 1
pn1 330989 330991 0
pn1 330991 330995 2
pn1 330995 330995 0
pn1 330995 330999 2
pn1 330999 331013 0
pn1 331013 331017 1
pn1 331017 331036 0
pn1 331036 331040 2
pn1 331040 331040 0
pn1 331040 331044 2
pn1 331044 331068 0
pn1 331068 331072 2
pn1 331072 331104 0
pn1 331104 331108 2
pn1 331108 331146 0
pn1 331146 331150 2
pn1 331150 331159 0
pn1 331159 331163 2
pn1 331163 331163 0
pn1 331163 331167 1
pn1 331167 331187 0
pn1 331187 331191 2
pn1 331191 331190 0
pn1 331190 331194 1
pn1 331194 331191 0
pn1 331191 331195 2
pn1 331195 331195 0
pn1 331195 331199 2
pn1 331199 331200 0
pn1 331200 331204 1
pn1 331204 331201 0
pn1 331201 331205 2
pn1 331205 331202 0
pn1 331202 331206 2
pn1 331206 331211 0
pn1 331211 331215 1
pn1 331215 331237 0
pn1 331237 331241 1
pn1 331241 331255 0
pn1 331255 331259 2
pn1 331259 331269 0
pn1 331269 331273 1
pn1 331273 331296 0
pn1 331296 331300 2
pn1 331300 331311 0
pn1 331311 331315 1
pn1 331315 331313 0
pn1 331313 331317 2
pn1 331317 331318 0
pn1 331318 331322 1
pn1 331322 331319 0
pn1 331319 331323 2
pn1 331323 331345 0
pn1 331345 331349 2
pn1 331349 331352 0
pn1 331352 331356 2
pn1 331356 331393 0
pn1 331393 331397 1
pn1 331397 331432 0
pn1 331432 331436 2
pn1 331436 331441 0
pn1 331441 331445 1
pn1 331445 331444 0
pn1 331444 331448 2
pn1 331448 331451 0
pn1 331451 331455 2
pn1 331455 331452 0
pn1 331452 331456 1
pn1 331456 331462 0
pn1 331462 331466 1
pn1 331466 331476 0
pn1 331476 331480 2
pn1 331480 331483 0
pn1 331483 331487 2
pn1 331487 331498 0
pn1 331498 331502 2
pn1 331502 331507 0
pn1 331507 331511 1
pn1 331511 331521 0
pn1 331521 331525 2
pn1 331525 331597 0
pn1 331597 331601 2
pn1 331601 331608 0
pn1 331608 331612 2
pn1 331612 331615 0
pn1 331615 331619 1
pn1 331619 331690 0
pn1 331690 331694 1
pn1 331694 331831 0
pn1 331831 331835 2
pn1 331835 331843 0
pn1 331843 331847 2
pn1 331847 331846 0
pn1 331846 331850 1
pn1 331850 331849 0
pn1 331849 331853 2
pn1 331853 331863 0
pn1 331863 331867 1
pn1 331867 331867 0
pn1 331867 331871 1
pn1 331871 331872 0
pn1 331872 331876 1
pn1 331876 331873 0
pn1 331873 331877 2
pn1 331877 331876 0
pn1 331876 331880 2
pn1 331880 331891 0
pn1 331891 331895 2
pn1 331895 331894 0
pn1 331894 331898 2
pn1 331898 331897 0
pn1 331897 331901 2
pn1 331901 331915 0
pn1 331915 331919 2
pn1 331919 331921 0
pn1 331921 331925 2
pn1 331925 331924 0
pn1 331924 331928 2
pn1 331928 331927 0
pn1 331927 331931 1
pn1 331931 331936 0
pn1 331936 331940 2
pn1 331940 331943 0
pn1 331943 331947 2
pn1 331947 331948 0
pn1 331948 331952 2
pn1 331952 331960 0
pn1 331960 331964 2
pn1 331964 331963 0
pn1 331963 331967 2
pn1 331967 331969 0
pn1 331969 331973 2
pn1 331973 331993 0
pn1 331993 331997 1
pn1 331997 332002 0
pn1 332002 332006 1
pn1 332006 332011 0
pn1 332011 332015 1
pn1 332015 332014 0
pn1 332014 332018 1
pn1 332018 332020 0
pn1 332020 332024 1
pn1 332024 332032 0
pn1 332032 332036 1
pn1 332036 332041 0
pn1 332041 332045 1
pn1 332045 332071 0
pn1 332071 332075 1
pn1 332075 332073 0
pn1 332073 332077 1
pn1 332077 332134 0
pn1 332134 332138 1
pn1 332138 332137 0
pn1 332137 332141 1
pn1 332141 332161 0
pn1 332161 332165 1
pn1 332165 332170 0
pn1 332170 332174 1
pn1 332174 332209 0
pn1 332209 332213 1
pn1 332213 332212 0
pn1 332212 332216 1
pn1 332216 332245 0
pn1 332245 332249 1
pn1 332249 332278 0
pn1 332278 332282 2
pn1 332282 332311 0
pn1 332311 332315 2
pn1 332315 332323 0
pn1 332323 332327 2
pn1 332327 332332 0
pn1 332332 332336 2
pn1 332336 332335 0
pn1 332335 332339 2
pn1 332339 332347 0
pn1 332347 332351 2
pn1 332351 332359 0
pn1 332359 332363 1
pn1 332363 332360 0
pn1 332360 332364 1
pn1 332364 332392 0
pn1 332392 332396 1
pn1 332396 332395 0
pn1 332395 332399 2
pn1 332399 332404 0
pn1 332404 332408 2
pn1 332408 332407 0
pn1 332407 332411 2
pn1 332411 332410 0
pn1 332410 332414 2
pn1 332414 332419 0
pn1 332419 332423 2
pn1 332423 332620 0
pn1 332620 332624 2
pn1 332624 332623 0
pn1 332623 332627 2
pn1 332627 332632 0
pn1 332632 332636 2
pn1 332636 332644 0
pn1 332644 332648 2
pn1 332648 332647 0
pn1 332647 332651 1
pn1 332651 332653 0
pn1 332653 332657 2
pn1 332657 332659 0
pn1 332659 332663 1
pn1 332663 332662 0
pn1 332662 332666 2
pn1 332666 332665 0
pn1 332665 332669 2
pn1 332669 332680 0
pn1 332680 332684 2
pn1 332684 332698 0
pn1 332698 332702 2
pn1 332702 332713 0
pn1 332713 332717 1
pn1 332717 332722 0
pn1 332722 332726 1
pn1 332726 332740 0
pn1 332740 332744 1
pn1 332744 332743 0
pn1 332743 332747 1
pn1 332747 332746 0
pn1 332746 332750 1
pn1 332750 332752 0
pn1 332752 332756 1
pn1 332756 332765 0
pn1 332765 332769 2
pn1 332769 332776 0
pn1 332776 332780 2
pn1 332780 332797 0
pn1 332797 332801 2
pn1 332801 332812 0
pn1 332812 332816 2
pn1 332816 332815 0
pn1 332815 332819 2
pn1 332819 332830 0
pn1 332830 332834 2
pn1 332834 332838 0
pn1 332838 332842 1
pn1 332842 332842 0
pn1 332842 332846 1
pn1 332846 332848 0
pn1 332848 332852 1
pn1 332852 332850 0
pn1 332850 332854 1
pn1 332854 332854 0
pn1 332854 332858 1
pn1 332858 332857 0
pn1 332857 332861 1
pn1 332861 332860 0
pn1 332860 332864 1
pn1 332864 332866 0
pn1 332866 332870 1
pn1 332870 332872 0
pn1 332872 332876 1
pn1 332876 332905 0
pn1 332905 332909 2
pn1 332909 332907 0
pn1 332907 332911 2
pn1 332911 332908 0
pn1 332908 332912 1
pn1 332912 332914 0
pn1 332914 332918 2
pn1 332918 332917 0
pn1 332917 332921 2
pn1 332921 332929 0
pn1 332929 332933 2
pn1 332933 332932 0
pn1 332932 332936 2
pn1 332936 332935 0
pn1 332935 332939 2
pn1 332939 332938 0
pn1 332938 332942 2
pn1 332942 332940 0
pn1 332940 332944 2
pn1 332944 332941 0
pn1 332941 332945 2
pn1 332945 332944 0
pn1 332944 332948 2
pn1 332948 332956 0
pn1 332956 332960 1
pn1 332960 332959 0
pn1 332959 332963 1
pn1 332963 332965 0
pn1 332965 332969 1
pn1 332969 332971 0
pn1 332971 332975 2
pn1 332975 332972 0
pn1 332972 332976 2
pn1 332976 333004 0
pn1 333004 333008 1
pn1 333008 333007 0
pn1 333007 333011 1
pn1 333011 333154 0
pn1 333154 333158 1
pn1 333158 333280 0
pn1 333280 333284 1
pn1 333284 333538 0
pn1 333538 333542 1
pn1 333542 333790 0
pn1 333790 333794 2
pn1 333794 333994 0
pn1 333994 333998 2
pn1 333998 334105 0
pn1 334105 334109 2
pn1 334109 334122 0
pn1 334122 334126 2
pn1 334126 334134 0
pn1 334134 334138 2
pn1 334138 334241 0
pn1 334241 334245 2
pn1 334245 334314 0
pn1 334314 334318 2
pn1 334318 334370 0
pn1 334370 334374 2
pn1 334374 334397 0
pn1 334397 334401 2
pn1 334401 334430 0
pn1 334430 334434 2
pn1 334434 334439 0
pn1 334439 334443 2
pn1 334443 334541 0
pn1 334541 334545 2
pn1 334545 334547 0
pn1 334547 334551 2
pn1 334551 334553 0
pn1 334553 334557 2
pn1 334557 334634 0
pn1 334634 334638 2
pn1 334638 334637 0
pn1 334637 334641 2
pn1 334641 334682 0
pn1 334682 334686 2
pn1 334686 334732 0
pn1 334732 334736 2
pn1 334736 334769 0
pn1 334769 334773 2
pn1 334773 334839 0
pn1 334839 334843 2
pn1 334843 334950 0
pn1 334950 334954 2
pn1 334954 334970 0
pn1 334970 334974 2
pn1 334974 335006 0
pn1 335006 335010 2
pn1 335010 335012 0
pn1 335012 335016 2
pn1 335016 335017 0
pn1 335017 335021 2
pn1 335021 335018 0
pn1 335018 335022 2
pn1 335022 335021 0
pn1 335021 335025 2
pn1 335025 335033 0
pn1 335033 335037 2
pn1 335037 335054 0
pn1 335054 335058 2
pn1 335058 335060 0
pn1 335060 335064 2
pn1 335064 335084 0
pn1 335084 335088 2
pn1 335088 335102 0
pn1 335102 335106 2
pn1 335106 335147 0
pn1 335147 335151 1
pn1 335151 335150 0
pn1 335150 335154 1
pn1 335154 335153 0
pn1 335153 335157 1
pn1 335157 335189 0
pn1 335189 335193 2
pn1 335193 335197 0
pn1 335197 335201 1
pn1 335201 335229 0
pn1 335229 335233 1
pn1 335233 335235 0
pn1 335235 335239 1
pn1 335239 335237 0
pn1 335237 335241 1
pn1 335241 335238 0
pn1 335238 335242 1
pn1 335242 335240 0
pn1 335240 335244 1
pn1 335244 335252 0
pn1 335252 335256 1
pn1 335256 335255 0
pn1 335255 335259 1
pn1 335259 335277 0
pn1 335277 335281 2
pn1 335281 335285 0
pn1 335285 335289 1
pn1 335289 335301 0
pn1 335301 335305 1
pn1 335305 335304 0
pn1 335304 335308 2
pn1 335308 335619 0
pn1 335619 335623 2
pn1 335623 335815 0
pn1 335815 335819 2
pn1 335819 335821 0
pn1 335821 335825 2
pn1 335825 335827 0
pn1 335827 335831 2
pn1 335831 335830 0
pn1 335830 335834 2
pn1 335834 335833 0
pn1 335833 335837 2
pn1 335837 335836 0
pn1 335836 335840 2
pn1 335840 335842 0
pn1 335842 335846 2
pn1 335846 335843 0
pn1 335843 335847 2
pn1 335847 335849 0
pn1 335849 335853 2
pn1 335853 335884 0
pn1 335884 335888 2
pn1 335888 335926 0
pn1 335926 335930 2
pn1 335930 335953 0
pn1 335953 335957 2
pn1 335957 335956 0
pn1 335956 335960 2
pn1 335960 335983 0
pn1 335983 335987 2
pn1 335987 335993 0
pn1 335993 335997 2
pn1 335997 335995 0
pn1 335995 335999 2
pn1 335999 336010 0
pn1 336010 336014 2
pn1 336014 336016 0
pn1 336016 336020 2
pn1 336020 336040 0
pn1 336040 336044 2
pn1 336044 336055 0
pn1 336055 336059 2
pn1 336059 336067 0
pn1 336067 336071 2
pn1 336071 336079 0
pn1 336079 336083 2
pn1 336083 336082 0
pn1 336082 336086 2
pn1 336086 336106 0
pn1 336106 336110 2
pn1 336110 336253 0
pn1 336253 336257 2
pn1 336257 336256 0
pn1 336256 336260 2
pn1 336260 336316 0
pn1 336316 336320 2
pn1 336320 336322 0
pn1 336322 336326 2
pn1 336326 336403 0
pn1 336403 336407 2
pn1 336407 336409 0
pn1 336409 336413 2
pn1 336413 336412 0
pn1 336412 336416 2
pn1 336416 336421 0
pn1 336421 336425 2
pn1 336425 336436 0
pn1 336436 336440 2
pn1 336440 336451 0
pn1 336451 336455 2
pn1 336455 336457 0
pn1 336457 336461 2
pn1 336461 336476 0
pn1 336476 336480 2
pn1 336480 336496 0
pn1 336496 336500 2
pn1 336500 336538 0
pn1 336538 336542 2
pn1 336542 336541 0
pn1 336541 336545 2
pn1 336545 336550 0
pn1 336550 336554 2
pn1 336554 336679 0
pn1 336679 336683 2
pn1 336683 336772 0
pn1 336772 336776 2
pn1 336776 336886 0
pn1 336886 336890 2
pn1 336890 337113 0
pn1 337113 337117 2
pn1 337117 337123 0
pn1 337123 337127 2
pn1 337127 337126 0
pn1 337126 337130 2
pn1 337130 337129 0
pn1 337129 337133 2
pn1 337133 337168 0
pn1 337168 337172 2
pn1 337172 337222 0
pn1 337222 337226 2
pn1 337226 337223 0
pn1 337223 337227 2
pn1 337227 337272 0
pn1 337272 337276 2
pn1 337276 337324 0
pn1 337324 337328 2
pn1 337328 337387 0
pn1 337387 337391 2
pn1 337391 337393 0
pn1 337393 337397 2
pn1 337397 337424 0
pn1 337424 337428 2
pn1 337428 337429 0
pn1 337429 337433 2
pn1 337433 337434 0
pn1 337434 337438 2
pn1 337438 337459 0
pn1 337459 337463 2
pn1 337463 337483 0
pn1 337483 337487 2
pn1 337487 337493 0
pn1 337493 337497 2
pn1 337497 337494 0
pn1 337494 337498 2
pn1 337498 337498 0
pn1 337498 337502 2
pn1 337502 337582 0
pn1 337582 337586 2
pn1 337586 337594 0
pn1 337594 337598 2
pn1 337598 337633 0
pn1 337633 337637 2
pn1 337637 337876 0
pn1 337876 337880 2
pn1 337880 337930 0
pn1 337930 337934 1
pn1 337934 337949 0
pn1 337949 337953 2
pn1 337953 338107 0
pn1 338107 338111 2
pn1 338111 338539 0
pn1 338539 338543 2
pn1 338543 339220 0
pn1 339220 339224 2
pn1 339224 475303 0
pn1 475303 475307 2
pn1 475307 1125487 0
pn1 1125487 1125491 1
pn1 1125491 1377236 0
pn1 1377236 1377240 2
pn1 1377240 1377299 0
pn1 1377299 1377303 2
pn1 1377303 1377473 0
pn1 1377473 1377477 2
pn1 1377477 1609056 0
pn1 1609056 1609060 1
pn1 1609060 1613768 0
pn1 1613768 1613772 2
pn1 1613772 1614146 0
pn1 1614146 1614150 1
pn1 1614150 1816174 0
pn1 1816174 1816178 1
pn1 1816178 2058095 0
pn1 2058095 2058099 2
pn1 2058099 2221315 0
